Building: 16 floors. Lift capacity: 5
******** STEP 0 ********
[16]		0 |								| 1 9 5 3 8 6 3 13 12 10 
[15]		0 |								| 8 4 1 9 10 8 12 13 
[14]		0 |								| 7 5 
[13]		0 |								| 3 5 11 9 5 6 11 8 4 4 
[12]		0 |								| 6 4 9 6 6 2 6 3 9 
[11]		0 |								| 3 
[10]		0 |								| 1 6 8 8 
[9]		0 |								| 2 8 1 4 7 1 1 5 4 4 
[8]		0 |								| 3 1 1 4 7 5 
[7]		0 |								| 2 6 6 5 1 4 1 
[6]		0 |								| 
[5]		0 |								| 2 3 4 2 2 1 1 3 2 2 
[4]		0 |								| 2 1 2 1 2 3 3 
[3]		0 |								| 1 2 2 2 1 1 2 1 1 
[2]		0 |								| 1 1 1 
[1]		0 |v		v| 


******** STEP 1 ********
[16]		0 |								| 1 9 5 3 8 6 3 13 12 10 
[15]		0 |								| 8 4 1 9 10 8 12 13 
[14]		0 |								| 7 5 
[13]		0 |								| 3 5 11 9 5 6 11 8 4 4 
[12]		0 |								| 6 4 9 6 6 2 6 3 9 
[11]		0 |								| 3 
[10]		0 |								| 1 6 8 8 
[9]		0 |								| 2 8 1 4 7 1 1 5 4 4 
[8]		0 |								| 3 1 1 4 7 5 
[7]		0 |								| 2 6 6 5 1 4 1 
[6]		0 |								| 
[5]		0 |								| 2 3 4 2 2 1 1 3 2 2 
[4]		0 |								| 2 1 2 1 2 3 3 
[3]		0 |								| 1 2 2 2 1 1 2 1 1 
[2]		0 |^	1 1 1 	^| 
[1]		0 |								| 


******** STEP 2 ********
[16]		0 |								| 1 9 5 3 8 6 3 13 12 10 
[15]		0 |								| 8 4 1 9 10 8 12 13 
[14]		0 |								| 7 5 
[13]		0 |								| 3 5 11 9 5 6 11 8 4 4 
[12]		0 |								| 6 4 9 6 6 2 6 3 9 
[11]		0 |								| 3 
[10]		0 |								| 1 6 8 8 
[9]		0 |								| 2 8 1 4 7 1 1 5 4 4 
[8]		0 |								| 3 1 1 4 7 5 
[7]		0 |								| 2 6 6 5 1 4 1 
[6]		0 |								| 
[5]		0 |								| 2 3 4 2 2 1 1 3 2 2 
[4]		0 |								| 2 1 2 1 2 3 3 
[3]		0 |								| 1 2 2 2 1 1 2 1 1 
[2]		0 |								| 
[1]		3 |v		v| 


******** STEP 3 ********
[16]		0 |								| 1 9 5 3 8 6 3 13 12 10 
[15]		0 |								| 8 4 1 9 10 8 12 13 
[14]		0 |								| 7 5 
[13]		0 |								| 3 5 11 9 5 6 11 8 4 4 
[12]		0 |								| 6 4 9 6 6 2 6 3 9 
[11]		0 |								| 3 
[10]		0 |								| 1 6 8 8 
[9]		0 |								| 2 8 1 4 7 1 1 5 4 4 
[8]		0 |								| 3 1 1 4 7 5 
[7]		0 |								| 2 6 6 5 1 4 1 
[6]		0 |								| 
[5]		0 |								| 2 3 4 2 2 1 1 3 2 2 
[4]		0 |								| 2 1 2 1 2 3 3 
[3]		0 |^	1 1 1 1 1 	^| 2 2 2 2 
[2]		0 |								| 
[1]		3 |								| 


******** STEP 4 ********
[16]		0 |								| 1 9 5 3 8 6 3 13 12 10 
[15]		0 |								| 8 4 1 9 10 8 12 13 
[14]		0 |								| 7 5 
[13]		0 |								| 3 5 11 9 5 6 11 8 4 4 
[12]		0 |								| 6 4 9 6 6 2 6 3 9 
[11]		0 |								| 3 
[10]		0 |								| 1 6 8 8 
[9]		0 |								| 2 8 1 4 7 1 1 5 4 4 
[8]		0 |								| 3 1 1 4 7 5 
[7]		0 |								| 2 6 6 5 1 4 1 
[6]		0 |								| 
[5]		0 |								| 2 3 4 2 2 1 1 3 2 2 
[4]		0 |								| 2 1 2 1 2 3 3 
[3]		0 |								| 2 2 2 2 
[2]		0 |								| 
[1]		8 |v		v| 


******** STEP 5 ********
[16]		0 |								| 1 9 5 3 8 6 3 13 12 10 
[15]		0 |								| 8 4 1 9 10 8 12 13 
[14]		0 |								| 7 5 
[13]		0 |								| 3 5 11 9 5 6 11 8 4 4 
[12]		0 |								| 6 4 9 6 6 2 6 3 9 
[11]		0 |								| 3 
[10]		0 |								| 1 6 8 8 
[9]		0 |								| 2 8 1 4 7 1 1 5 4 4 
[8]		0 |								| 3 1 1 4 7 5 
[7]		0 |								| 2 6 6 5 1 4 1 
[6]		0 |								| 
[5]		0 |								| 2 3 4 2 2 1 1 3 2 2 
[4]		0 |								| 2 1 2 1 2 3 3 
[3]		0 |^	2 2 2 2 	^| 
[2]		0 |								| 
[1]		8 |								| 


******** STEP 6 ********
[16]		0 |								| 1 9 5 3 8 6 3 13 12 10 
[15]		0 |								| 8 4 1 9 10 8 12 13 
[14]		0 |								| 7 5 
[13]		0 |								| 3 5 11 9 5 6 11 8 4 4 
[12]		0 |								| 6 4 9 6 6 2 6 3 9 
[11]		0 |								| 3 
[10]		0 |								| 1 6 8 8 
[9]		0 |								| 2 8 1 4 7 1 1 5 4 4 
[8]		0 |								| 3 1 1 4 7 5 
[7]		0 |								| 2 6 6 5 1 4 1 
[6]		0 |								| 
[5]		0 |								| 2 3 4 2 2 1 1 3 2 2 
[4]		0 |								| 2 1 2 1 2 3 3 
[3]		0 |								| 
[2]		4 |v		v| 
[1]		8 |								| 


******** STEP 7 ********
[16]		0 |								| 1 9 5 3 8 6 3 13 12 10 
[15]		0 |								| 8 4 1 9 10 8 12 13 
[14]		0 |								| 7 5 
[13]		0 |								| 3 5 11 9 5 6 11 8 4 4 
[12]		0 |								| 6 4 9 6 6 2 6 3 9 
[11]		0 |								| 3 
[10]		0 |								| 1 6 8 8 
[9]		0 |								| 2 8 1 4 7 1 1 5 4 4 
[8]		0 |								| 3 1 1 4 7 5 
[7]		0 |								| 2 6 6 5 1 4 1 
[6]		0 |								| 
[5]		0 |								| 2 3 4 2 2 1 1 3 2 2 
[4]		0 |^	1 1 2 2 2 	^| 3 3 
[3]		0 |								| 
[2]		4 |								| 
[1]		8 |								| 


******** STEP 8 ********
[16]		0 |								| 1 9 5 3 8 6 3 13 12 10 
[15]		0 |								| 8 4 1 9 10 8 12 13 
[14]		0 |								| 7 5 
[13]		0 |								| 3 5 11 9 5 6 11 8 4 4 
[12]		0 |								| 6 4 9 6 6 2 6 3 9 
[11]		0 |								| 3 
[10]		0 |								| 1 6 8 8 
[9]		0 |								| 2 8 1 4 7 1 1 5 4 4 
[8]		0 |								| 3 1 1 4 7 5 
[7]		0 |								| 2 6 6 5 1 4 1 
[6]		0 |								| 
[5]		0 |								| 2 3 4 2 2 1 1 3 2 2 
[4]		0 |								| 3 3 
[3]		0 |								| 
[2]		7 |v	1 1 	v| 
[1]		8 |								| 


******** STEP 9 ********
[16]		0 |								| 1 9 5 3 8 6 3 13 12 10 
[15]		0 |								| 8 4 1 9 10 8 12 13 
[14]		0 |								| 7 5 
[13]		0 |								| 3 5 11 9 5 6 11 8 4 4 
[12]		0 |								| 6 4 9 6 6 2 6 3 9 
[11]		0 |								| 3 
[10]		0 |								| 1 6 8 8 
[9]		0 |								| 2 8 1 4 7 1 1 5 4 4 
[8]		0 |								| 3 1 1 4 7 5 
[7]		0 |								| 2 6 6 5 1 4 1 
[6]		0 |								| 
[5]		0 |								| 2 3 4 2 2 1 1 3 2 2 
[4]		0 |								| 3 3 
[3]		0 |								| 
[2]		7 |								| 
[1]		10 |v		v| 


******** STEP 10 ********
[16]		0 |								| 1 9 5 3 8 6 3 13 12 10 
[15]		0 |								| 8 4 1 9 10 8 12 13 
[14]		0 |								| 7 5 
[13]		0 |								| 3 5 11 9 5 6 11 8 4 4 
[12]		0 |								| 6 4 9 6 6 2 6 3 9 
[11]		0 |								| 3 
[10]		0 |								| 1 6 8 8 
[9]		0 |								| 2 8 1 4 7 1 1 5 4 4 
[8]		0 |								| 3 1 1 4 7 5 
[7]		0 |								| 2 6 6 5 1 4 1 
[6]		0 |								| 
[5]		0 |								| 2 3 4 2 2 1 1 3 2 2 
[4]		0 |^	3 3 	^| 
[3]		0 |								| 
[2]		7 |								| 
[1]		10 |								| 


******** STEP 11 ********
[16]		0 |								| 1 9 5 3 8 6 3 13 12 10 
[15]		0 |								| 8 4 1 9 10 8 12 13 
[14]		0 |								| 7 5 
[13]		0 |								| 3 5 11 9 5 6 11 8 4 4 
[12]		0 |								| 6 4 9 6 6 2 6 3 9 
[11]		0 |								| 3 
[10]		0 |								| 1 6 8 8 
[9]		0 |								| 2 8 1 4 7 1 1 5 4 4 
[8]		0 |								| 3 1 1 4 7 5 
[7]		0 |								| 2 6 6 5 1 4 1 
[6]		0 |								| 
[5]		0 |								| 2 3 4 2 2 1 1 3 2 2 
[4]		0 |								| 
[3]		2 |v		v| 
[2]		7 |								| 
[1]		10 |								| 


******** STEP 12 ********
[16]		0 |								| 1 9 5 3 8 6 3 13 12 10 
[15]		0 |								| 8 4 1 9 10 8 12 13 
[14]		0 |								| 7 5 
[13]		0 |								| 3 5 11 9 5 6 11 8 4 4 
[12]		0 |								| 6 4 9 6 6 2 6 3 9 
[11]		0 |								| 3 
[10]		0 |								| 1 6 8 8 
[9]		0 |								| 2 8 1 4 7 1 1 5 4 4 
[8]		0 |								| 3 1 1 4 7 5 
[7]		0 |								| 2 6 6 5 1 4 1 
[6]		0 |								| 
[5]		0 |^	1 1 2 2 2 	^| 3 4 3 2 2 
[4]		0 |								| 
[3]		2 |								| 
[2]		7 |								| 
[1]		10 |								| 


******** STEP 13 ********
[16]		0 |								| 1 9 5 3 8 6 3 13 12 10 
[15]		0 |								| 8 4 1 9 10 8 12 13 
[14]		0 |								| 7 5 
[13]		0 |								| 3 5 11 9 5 6 11 8 4 4 
[12]		0 |								| 6 4 9 6 6 2 6 3 9 
[11]		0 |								| 3 
[10]		0 |								| 1 6 8 8 
[9]		0 |								| 2 8 1 4 7 1 1 5 4 4 
[8]		0 |								| 3 1 1 4 7 5 
[7]		0 |								| 2 6 6 5 1 4 1 
[6]		0 |								| 
[5]		0 |								| 3 4 3 2 2 
[4]		0 |								| 
[3]		2 |								| 
[2]		10 |v	1 1 	v| 
[1]		10 |								| 


******** STEP 14 ********
[16]		0 |								| 1 9 5 3 8 6 3 13 12 10 
[15]		0 |								| 8 4 1 9 10 8 12 13 
[14]		0 |								| 7 5 
[13]		0 |								| 3 5 11 9 5 6 11 8 4 4 
[12]		0 |								| 6 4 9 6 6 2 6 3 9 
[11]		0 |								| 3 
[10]		0 |								| 1 6 8 8 
[9]		0 |								| 2 8 1 4 7 1 1 5 4 4 
[8]		0 |								| 3 1 1 4 7 5 
[7]		0 |								| 2 6 6 5 1 4 1 
[6]		0 |								| 
[5]		0 |								| 3 4 3 2 2 
[4]		0 |								| 
[3]		2 |								| 
[2]		10 |								| 
[1]		12 |v		v| 


******** STEP 15 ********
[16]		0 |								| 1 9 5 3 8 6 3 13 12 10 
[15]		0 |								| 8 4 1 9 10 8 12 13 
[14]		0 |								| 7 5 
[13]		0 |								| 3 5 11 9 5 6 11 8 4 4 
[12]		0 |								| 6 4 9 6 6 2 6 3 9 
[11]		0 |								| 3 
[10]		0 |								| 1 6 8 8 
[9]		0 |								| 2 8 1 4 7 1 1 5 4 4 
[8]		0 |								| 3 1 1 4 7 5 
[7]		0 |								| 2 6 6 5 1 4 1 
[6]		0 |								| 
[5]		0 |^	2 2 3 3 4 	^| 
[4]		0 |								| 
[3]		2 |								| 
[2]		10 |								| 
[1]		12 |								| 


******** STEP 16 ********
[16]		0 |								| 1 9 5 3 8 6 3 13 12 10 
[15]		0 |								| 8 4 1 9 10 8 12 13 
[14]		0 |								| 7 5 
[13]		0 |								| 3 5 11 9 5 6 11 8 4 4 
[12]		0 |								| 6 4 9 6 6 2 6 3 9 
[11]		0 |								| 3 
[10]		0 |								| 1 6 8 8 
[9]		0 |								| 2 8 1 4 7 1 1 5 4 4 
[8]		0 |								| 3 1 1 4 7 5 
[7]		0 |								| 2 6 6 5 1 4 1 
[6]		0 |								| 
[5]		0 |								| 
[4]		1 |v	2 2 3 3 	v| 
[3]		2 |								| 
[2]		10 |								| 
[1]		12 |								| 


******** STEP 17 ********
[16]		0 |								| 1 9 5 3 8 6 3 13 12 10 
[15]		0 |								| 8 4 1 9 10 8 12 13 
[14]		0 |								| 7 5 
[13]		0 |								| 3 5 11 9 5 6 11 8 4 4 
[12]		0 |								| 6 4 9 6 6 2 6 3 9 
[11]		0 |								| 3 
[10]		0 |								| 1 6 8 8 
[9]		0 |								| 2 8 1 4 7 1 1 5 4 4 
[8]		0 |								| 3 1 1 4 7 5 
[7]		0 |								| 2 6 6 5 1 4 1 
[6]		0 |								| 
[5]		0 |								| 
[4]		1 |								| 
[3]		4 |v	2 2 	v| 
[2]		10 |								| 
[1]		12 |								| 


******** STEP 18 ********
[16]		0 |								| 1 9 5 3 8 6 3 13 12 10 
[15]		0 |								| 8 4 1 9 10 8 12 13 
[14]		0 |								| 7 5 
[13]		0 |								| 3 5 11 9 5 6 11 8 4 4 
[12]		0 |								| 6 4 9 6 6 2 6 3 9 
[11]		0 |								| 3 
[10]		0 |								| 1 6 8 8 
[9]		0 |								| 2 8 1 4 7 1 1 5 4 4 
[8]		0 |								| 3 1 1 4 7 5 
[7]		0 |								| 2 6 6 5 1 4 1 
[6]		0 |								| 
[5]		0 |								| 
[4]		1 |								| 
[3]		4 |								| 
[2]		12 |v		v| 
[1]		12 |								| 


******** STEP 19 ********
[16]		0 |								| 1 9 5 3 8 6 3 13 12 10 
[15]		0 |								| 8 4 1 9 10 8 12 13 
[14]		0 |								| 7 5 
[13]		0 |								| 3 5 11 9 5 6 11 8 4 4 
[12]		0 |								| 6 4 9 6 6 2 6 3 9 
[11]		0 |								| 3 
[10]		0 |								| 1 6 8 8 
[9]		0 |								| 2 8 1 4 7 1 1 5 4 4 
[8]		0 |								| 3 1 1 4 7 5 
[7]		0 |^	1 1 2 4 5 	^| 6 6 
[6]		0 |								| 
[5]		0 |								| 
[4]		1 |								| 
[3]		4 |								| 
[2]		12 |								| 
[1]		12 |								| 


******** STEP 20 ********
[16]		0 |								| 1 9 5 3 8 6 3 13 12 10 
[15]		0 |								| 8 4 1 9 10 8 12 13 
[14]		0 |								| 7 5 
[13]		0 |								| 3 5 11 9 5 6 11 8 4 4 
[12]		0 |								| 6 4 9 6 6 2 6 3 9 
[11]		0 |								| 3 
[10]		0 |								| 1 6 8 8 
[9]		0 |								| 2 8 1 4 7 1 1 5 4 4 
[8]		0 |								| 3 1 1 4 7 5 
[7]		0 |								| 6 6 
[6]		0 |								| 
[5]		1 |v	1 1 2 4 	v| 
[4]		1 |								| 
[3]		4 |								| 
[2]		12 |								| 
[1]		12 |								| 


******** STEP 21 ********
[16]		0 |								| 1 9 5 3 8 6 3 13 12 10 
[15]		0 |								| 8 4 1 9 10 8 12 13 
[14]		0 |								| 7 5 
[13]		0 |								| 3 5 11 9 5 6 11 8 4 4 
[12]		0 |								| 6 4 9 6 6 2 6 3 9 
[11]		0 |								| 3 
[10]		0 |								| 1 6 8 8 
[9]		0 |								| 2 8 1 4 7 1 1 5 4 4 
[8]		0 |								| 3 1 1 4 7 5 
[7]		0 |								| 6 6 
[6]		0 |								| 
[5]		1 |								| 
[4]		2 |v	1 1 2 	v| 
[3]		4 |								| 
[2]		12 |								| 
[1]		12 |								| 


******** STEP 22 ********
[16]		0 |								| 1 9 5 3 8 6 3 13 12 10 
[15]		0 |								| 8 4 1 9 10 8 12 13 
[14]		0 |								| 7 5 
[13]		0 |								| 3 5 11 9 5 6 11 8 4 4 
[12]		0 |								| 6 4 9 6 6 2 6 3 9 
[11]		0 |								| 3 
[10]		0 |								| 1 6 8 8 
[9]		0 |								| 2 8 1 4 7 1 1 5 4 4 
[8]		0 |								| 3 1 1 4 7 5 
[7]		0 |								| 6 6 
[6]		0 |								| 
[5]		1 |								| 
[4]		2 |								| 
[3]		4 |								| 
[2]		13 |v	1 1 	v| 
[1]		12 |								| 


******** STEP 23 ********
[16]		0 |								| 1 9 5 3 8 6 3 13 12 10 
[15]		0 |								| 8 4 1 9 10 8 12 13 
[14]		0 |								| 7 5 
[13]		0 |								| 3 5 11 9 5 6 11 8 4 4 
[12]		0 |								| 6 4 9 6 6 2 6 3 9 
[11]		0 |								| 3 
[10]		0 |								| 1 6 8 8 
[9]		0 |								| 2 8 1 4 7 1 1 5 4 4 
[8]		0 |								| 3 1 1 4 7 5 
[7]		0 |								| 6 6 
[6]		0 |								| 
[5]		1 |								| 
[4]		2 |								| 
[3]		4 |								| 
[2]		13 |								| 
[1]		14 |v		v| 


******** STEP 24 ********
[16]		0 |								| 1 9 5 3 8 6 3 13 12 10 
[15]		0 |								| 8 4 1 9 10 8 12 13 
[14]		0 |								| 7 5 
[13]		0 |								| 3 5 11 9 5 6 11 8 4 4 
[12]		0 |								| 6 4 9 6 6 2 6 3 9 
[11]		0 |								| 3 
[10]		0 |								| 1 6 8 8 
[9]		0 |								| 2 8 1 4 7 1 1 5 4 4 
[8]		0 |								| 3 1 1 4 7 5 
[7]		0 |^	6 6 	^| 
[6]		0 |								| 
[5]		1 |								| 
[4]		2 |								| 
[3]		4 |								| 
[2]		13 |								| 
[1]		14 |								| 


******** STEP 25 ********
[16]		0 |								| 1 9 5 3 8 6 3 13 12 10 
[15]		0 |								| 8 4 1 9 10 8 12 13 
[14]		0 |								| 7 5 
[13]		0 |								| 3 5 11 9 5 6 11 8 4 4 
[12]		0 |								| 6 4 9 6 6 2 6 3 9 
[11]		0 |								| 3 
[10]		0 |								| 1 6 8 8 
[9]		0 |								| 2 8 1 4 7 1 1 5 4 4 
[8]		0 |								| 3 1 1 4 7 5 
[7]		0 |								| 
[6]		2 |v		v| 
[5]		1 |								| 
[4]		2 |								| 
[3]		4 |								| 
[2]		13 |								| 
[1]		14 |								| 


******** STEP 26 ********
[16]		0 |								| 1 9 5 3 8 6 3 13 12 10 
[15]		0 |								| 8 4 1 9 10 8 12 13 
[14]		0 |								| 7 5 
[13]		0 |								| 3 5 11 9 5 6 11 8 4 4 
[12]		0 |								| 6 4 9 6 6 2 6 3 9 
[11]		0 |								| 3 
[10]		0 |								| 1 6 8 8 
[9]		0 |								| 2 8 1 4 7 1 1 5 4 4 
[8]		0 |^	1 1 3 4 5 	^| 7 
[7]		0 |								| 
[6]		2 |								| 
[5]		1 |								| 
[4]		2 |								| 
[3]		4 |								| 
[2]		13 |								| 
[1]		14 |								| 


******** STEP 27 ********
[16]		0 |								| 1 9 5 3 8 6 3 13 12 10 
[15]		0 |								| 8 4 1 9 10 8 12 13 
[14]		0 |								| 7 5 
[13]		0 |								| 3 5 11 9 5 6 11 8 4 4 
[12]		0 |								| 6 4 9 6 6 2 6 3 9 
[11]		0 |								| 3 
[10]		0 |								| 1 6 8 8 
[9]		0 |								| 2 8 1 4 7 1 1 5 4 4 
[8]		0 |								| 7 
[7]		0 |								| 
[6]		2 |								| 
[5]		2 |v	1 1 3 4 	v| 
[4]		2 |								| 
[3]		4 |								| 
[2]		13 |								| 
[1]		14 |								| 


******** STEP 28 ********
[16]		0 |								| 1 9 5 3 8 6 3 13 12 10 
[15]		0 |								| 8 4 1 9 10 8 12 13 
[14]		0 |								| 7 5 
[13]		0 |								| 3 5 11 9 5 6 11 8 4 4 
[12]		0 |								| 6 4 9 6 6 2 6 3 9 
[11]		0 |								| 3 
[10]		0 |								| 1 6 8 8 
[9]		0 |								| 2 8 1 4 7 1 1 5 4 4 
[8]		0 |								| 7 
[7]		0 |								| 
[6]		2 |								| 
[5]		2 |								| 
[4]		3 |v	1 1 3 	v| 
[3]		4 |								| 
[2]		13 |								| 
[1]		14 |								| 


******** STEP 29 ********
[16]		0 |								| 1 9 5 3 8 6 3 13 12 10 
[15]		0 |								| 8 4 1 9 10 8 12 13 
[14]		0 |								| 7 5 
[13]		0 |								| 3 5 11 9 5 6 11 8 4 4 
[12]		0 |								| 6 4 9 6 6 2 6 3 9 
[11]		0 |								| 3 
[10]		0 |								| 1 6 8 8 
[9]		0 |								| 2 8 1 4 7 1 1 5 4 4 
[8]		0 |								| 7 
[7]		0 |								| 
[6]		2 |								| 
[5]		2 |								| 
[4]		3 |								| 
[3]		5 |v	1 1 	v| 
[2]		13 |								| 
[1]		14 |								| 


******** STEP 30 ********
[16]		0 |								| 1 9 5 3 8 6 3 13 12 10 
[15]		0 |								| 8 4 1 9 10 8 12 13 
[14]		0 |								| 7 5 
[13]		0 |								| 3 5 11 9 5 6 11 8 4 4 
[12]		0 |								| 6 4 9 6 6 2 6 3 9 
[11]		0 |								| 3 
[10]		0 |								| 1 6 8 8 
[9]		0 |								| 2 8 1 4 7 1 1 5 4 4 
[8]		0 |								| 7 
[7]		0 |								| 
[6]		2 |								| 
[5]		2 |								| 
[4]		3 |								| 
[3]		5 |								| 
[2]		13 |								| 
[1]		16 |v		v| 


******** STEP 31 ********
[16]		0 |								| 1 9 5 3 8 6 3 13 12 10 
[15]		0 |								| 8 4 1 9 10 8 12 13 
[14]		0 |								| 7 5 
[13]		0 |								| 3 5 11 9 5 6 11 8 4 4 
[12]		0 |								| 6 4 9 6 6 2 6 3 9 
[11]		0 |								| 3 
[10]		0 |								| 1 6 8 8 
[9]		0 |								| 2 8 1 4 7 1 1 5 4 4 
[8]		0 |^	7 	^| 
[7]		0 |								| 
[6]		2 |								| 
[5]		2 |								| 
[4]		3 |								| 
[3]		5 |								| 
[2]		13 |								| 
[1]		16 |								| 


******** STEP 32 ********
[16]		0 |								| 1 9 5 3 8 6 3 13 12 10 
[15]		0 |								| 8 4 1 9 10 8 12 13 
[14]		0 |								| 7 5 
[13]		0 |								| 3 5 11 9 5 6 11 8 4 4 
[12]		0 |								| 6 4 9 6 6 2 6 3 9 
[11]		0 |								| 3 
[10]		0 |								| 1 6 8 8 
[9]		0 |								| 2 8 1 4 7 1 1 5 4 4 
[8]		0 |								| 
[7]		1 |v		v| 
[6]		2 |								| 
[5]		2 |								| 
[4]		3 |								| 
[3]		5 |								| 
[2]		13 |								| 
[1]		16 |								| 


******** STEP 33 ********
[16]		0 |								| 1 9 5 3 8 6 3 13 12 10 
[15]		0 |								| 8 4 1 9 10 8 12 13 
[14]		0 |								| 7 5 
[13]		0 |								| 3 5 11 9 5 6 11 8 4 4 
[12]		0 |								| 6 4 9 6 6 2 6 3 9 
[11]		0 |								| 3 
[10]		0 |								| 1 6 8 8 
[9]		0 |^	1 1 1 2 4 	^| 8 7 5 4 4 
[8]		0 |								| 
[7]		1 |								| 
[6]		2 |								| 
[5]		2 |								| 
[4]		3 |								| 
[3]		5 |								| 
[2]		13 |								| 
[1]		16 |								| 


******** STEP 34 ********
[16]		0 |								| 1 9 5 3 8 6 3 13 12 10 
[15]		0 |								| 8 4 1 9 10 8 12 13 
[14]		0 |								| 7 5 
[13]		0 |								| 3 5 11 9 5 6 11 8 4 4 
[12]		0 |								| 6 4 9 6 6 2 6 3 9 
[11]		0 |								| 3 
[10]		0 |								| 1 6 8 8 
[9]		0 |								| 8 7 5 4 4 
[8]		0 |								| 
[7]		1 |								| 
[6]		2 |								| 
[5]		2 |								| 
[4]		4 |v	1 1 1 2 	v| 
[3]		5 |								| 
[2]		13 |								| 
[1]		16 |								| 


******** STEP 35 ********
[16]		0 |								| 1 9 5 3 8 6 3 13 12 10 
[15]		0 |								| 8 4 1 9 10 8 12 13 
[14]		0 |								| 7 5 
[13]		0 |								| 3 5 11 9 5 6 11 8 4 4 
[12]		0 |								| 6 4 9 6 6 2 6 3 9 
[11]		0 |								| 3 
[10]		0 |								| 1 6 8 8 
[9]		0 |								| 8 7 5 4 4 
[8]		0 |								| 
[7]		1 |								| 
[6]		2 |								| 
[5]		2 |								| 
[4]		4 |								| 
[3]		5 |								| 
[2]		14 |v	1 1 1 	v| 
[1]		16 |								| 


******** STEP 36 ********
[16]		0 |								| 1 9 5 3 8 6 3 13 12 10 
[15]		0 |								| 8 4 1 9 10 8 12 13 
[14]		0 |								| 7 5 
[13]		0 |								| 3 5 11 9 5 6 11 8 4 4 
[12]		0 |								| 6 4 9 6 6 2 6 3 9 
[11]		0 |								| 3 
[10]		0 |								| 1 6 8 8 
[9]		0 |								| 8 7 5 4 4 
[8]		0 |								| 
[7]		1 |								| 
[6]		2 |								| 
[5]		2 |								| 
[4]		4 |								| 
[3]		5 |								| 
[2]		14 |								| 
[1]		19 |v		v| 


******** STEP 37 ********
[16]		0 |								| 1 9 5 3 8 6 3 13 12 10 
[15]		0 |								| 8 4 1 9 10 8 12 13 
[14]		0 |								| 7 5 
[13]		0 |								| 3 5 11 9 5 6 11 8 4 4 
[12]		0 |								| 6 4 9 6 6 2 6 3 9 
[11]		0 |								| 3 
[10]		0 |								| 1 6 8 8 
[9]		0 |^	4 4 5 7 8 	^| 
[8]		0 |								| 
[7]		1 |								| 
[6]		2 |								| 
[5]		2 |								| 
[4]		4 |								| 
[3]		5 |								| 
[2]		14 |								| 
[1]		19 |								| 


******** STEP 38 ********
[16]		0 |								| 1 9 5 3 8 6 3 13 12 10 
[15]		0 |								| 8 4 1 9 10 8 12 13 
[14]		0 |								| 7 5 
[13]		0 |								| 3 5 11 9 5 6 11 8 4 4 
[12]		0 |								| 6 4 9 6 6 2 6 3 9 
[11]		0 |								| 3 
[10]		0 |								| 1 6 8 8 
[9]		0 |								| 
[8]		1 |v	4 4 5 7 	v| 
[7]		1 |								| 
[6]		2 |								| 
[5]		2 |								| 
[4]		4 |								| 
[3]		5 |								| 
[2]		14 |								| 
[1]		19 |								| 


******** STEP 39 ********
[16]		0 |								| 1 9 5 3 8 6 3 13 12 10 
[15]		0 |								| 8 4 1 9 10 8 12 13 
[14]		0 |								| 7 5 
[13]		0 |								| 3 5 11 9 5 6 11 8 4 4 
[12]		0 |								| 6 4 9 6 6 2 6 3 9 
[11]		0 |								| 3 
[10]		0 |								| 1 6 8 8 
[9]		0 |								| 
[8]		1 |								| 
[7]		2 |v	4 4 5 	v| 
[6]		2 |								| 
[5]		2 |								| 
[4]		4 |								| 
[3]		5 |								| 
[2]		14 |								| 
[1]		19 |								| 


******** STEP 40 ********
[16]		0 |								| 1 9 5 3 8 6 3 13 12 10 
[15]		0 |								| 8 4 1 9 10 8 12 13 
[14]		0 |								| 7 5 
[13]		0 |								| 3 5 11 9 5 6 11 8 4 4 
[12]		0 |								| 6 4 9 6 6 2 6 3 9 
[11]		0 |								| 3 
[10]		0 |								| 1 6 8 8 
[9]		0 |								| 
[8]		1 |								| 
[7]		2 |								| 
[6]		2 |								| 
[5]		3 |v	4 4 	v| 
[4]		4 |								| 
[3]		5 |								| 
[2]		14 |								| 
[1]		19 |								| 


******** STEP 41 ********
[16]		0 |								| 1 9 5 3 8 6 3 13 12 10 
[15]		0 |								| 8 4 1 9 10 8 12 13 
[14]		0 |								| 7 5 
[13]		0 |								| 3 5 11 9 5 6 11 8 4 4 
[12]		0 |								| 6 4 9 6 6 2 6 3 9 
[11]		0 |								| 3 
[10]		0 |								| 1 6 8 8 
[9]		0 |								| 
[8]		1 |								| 
[7]		2 |								| 
[6]		2 |								| 
[5]		3 |								| 
[4]		6 |v		v| 
[3]		5 |								| 
[2]		14 |								| 
[1]		19 |								| 


******** STEP 42 ********
[16]		0 |								| 1 9 5 3 8 6 3 13 12 10 
[15]		0 |								| 8 4 1 9 10 8 12 13 
[14]		0 |								| 7 5 
[13]		0 |								| 3 5 11 9 5 6 11 8 4 4 
[12]		0 |								| 6 4 9 6 6 2 6 3 9 
[11]		0 |								| 3 
[10]		0 |^	1 6 8 8 	^| 
[9]		0 |								| 
[8]		1 |								| 
[7]		2 |								| 
[6]		2 |								| 
[5]		3 |								| 
[4]		6 |								| 
[3]		5 |								| 
[2]		14 |								| 
[1]		19 |								| 


******** STEP 43 ********
[16]		0 |v	1 6 8 8 1 	v| 9 5 3 8 6 3 13 12 10 
[15]		0 |								| 8 4 1 9 10 8 12 13 
[14]		0 |								| 7 5 
[13]		0 |								| 3 5 11 9 5 6 11 8 4 4 
[12]		0 |								| 6 4 9 6 6 2 6 3 9 
[11]		0 |								| 3 
[10]		0 |								| 
[9]		0 |								| 
[8]		1 |								| 
[7]		2 |								| 
[6]		2 |								| 
[5]		3 |								| 
[4]		6 |								| 
[3]		5 |								| 
[2]		14 |								| 
[1]		19 |								| 


******** STEP 44 ********
[16]		0 |								| 9 5 3 8 6 3 13 12 10 
[15]		0 |								| 8 4 1 9 10 8 12 13 
[14]		0 |								| 7 5 
[13]		0 |								| 3 5 11 9 5 6 11 8 4 4 
[12]		0 |								| 6 4 9 6 6 2 6 3 9 
[11]		0 |								| 3 
[10]		0 |								| 
[9]		0 |								| 
[8]		3 |v	1 6 1 	v| 
[7]		2 |								| 
[6]		2 |								| 
[5]		3 |								| 
[4]		6 |								| 
[3]		5 |								| 
[2]		14 |								| 
[1]		19 |								| 


******** STEP 45 ********
[16]		0 |								| 9 5 3 8 6 3 13 12 10 
[15]		0 |								| 8 4 1 9 10 8 12 13 
[14]		0 |								| 7 5 
[13]		0 |								| 3 5 11 9 5 6 11 8 4 4 
[12]		0 |								| 6 4 9 6 6 2 6 3 9 
[11]		0 |								| 3 
[10]		0 |								| 
[9]		0 |								| 
[8]		3 |								| 
[7]		2 |								| 
[6]		3 |v	1 1 	v| 
[5]		3 |								| 
[4]		6 |								| 
[3]		5 |								| 
[2]		14 |								| 
[1]		19 |								| 


******** STEP 46 ********
[16]		0 |								| 9 5 3 8 6 3 13 12 10 
[15]		0 |								| 8 4 1 9 10 8 12 13 
[14]		0 |								| 7 5 
[13]		0 |								| 3 5 11 9 5 6 11 8 4 4 
[12]		0 |								| 6 4 9 6 6 2 6 3 9 
[11]		0 |								| 3 
[10]		0 |								| 
[9]		0 |								| 
[8]		3 |								| 
[7]		2 |								| 
[6]		3 |								| 
[5]		3 |								| 
[4]		6 |								| 
[3]		5 |								| 
[2]		14 |								| 
[1]		21 |v		v| 


******** STEP 47 ********
[16]		0 |								| 9 5 3 8 6 3 13 12 10 
[15]		0 |								| 8 4 1 9 10 8 12 13 
[14]		0 |								| 7 5 
[13]		0 |								| 3 5 11 9 5 6 11 8 4 4 
[12]		0 |								| 6 4 9 6 6 2 6 3 9 
[11]		0 |^	3 	^| 
[10]		0 |								| 
[9]		0 |								| 
[8]		3 |								| 
[7]		2 |								| 
[6]		3 |								| 
[5]		3 |								| 
[4]		6 |								| 
[3]		5 |								| 
[2]		14 |								| 
[1]		21 |								| 


******** STEP 48 ********
[16]		0 |								| 9 5 3 8 6 3 13 12 10 
[15]		0 |								| 8 4 1 9 10 8 12 13 
[14]		0 |								| 7 5 
[13]		0 |								| 3 5 11 9 5 6 11 8 4 4 
[12]		0 |								| 6 4 9 6 6 2 6 3 9 
[11]		0 |								| 
[10]		0 |								| 
[9]		0 |								| 
[8]		3 |								| 
[7]		2 |								| 
[6]		3 |								| 
[5]		3 |								| 
[4]		6 |								| 
[3]		6 |v		v| 
[2]		14 |								| 
[1]		21 |								| 


******** STEP 49 ********
[16]		0 |								| 9 5 3 8 6 3 13 12 10 
[15]		0 |								| 8 4 1 9 10 8 12 13 
[14]		0 |								| 7 5 
[13]		0 |								| 3 5 11 9 5 6 11 8 4 4 
[12]		0 |^	2 3 4 6 6 	^| 9 6 6 9 
[11]		0 |								| 
[10]		0 |								| 
[9]		0 |								| 
[8]		3 |								| 
[7]		2 |								| 
[6]		3 |								| 
[5]		3 |								| 
[4]		6 |								| 
[3]		6 |								| 
[2]		14 |								| 
[1]		21 |								| 


******** STEP 50 ********
[16]		0 |								| 9 5 3 8 6 3 13 12 10 
[15]		0 |								| 8 4 1 9 10 8 12 13 
[14]		0 |								| 7 5 
[13]		0 |								| 3 5 11 9 5 6 11 8 4 4 
[12]		0 |								| 9 6 6 9 
[11]		0 |								| 
[10]		0 |								| 
[9]		0 |								| 
[8]		3 |								| 
[7]		2 |								| 
[6]		5 |v	2 3 4 	v| 
[5]		3 |								| 
[4]		6 |								| 
[3]		6 |								| 
[2]		14 |								| 
[1]		21 |								| 


******** STEP 51 ********
[16]		0 |								| 9 5 3 8 6 3 13 12 10 
[15]		0 |								| 8 4 1 9 10 8 12 13 
[14]		0 |								| 7 5 
[13]		0 |								| 3 5 11 9 5 6 11 8 4 4 
[12]		0 |								| 9 6 6 9 
[11]		0 |								| 
[10]		0 |								| 
[9]		0 |								| 
[8]		3 |								| 
[7]		2 |								| 
[6]		5 |								| 
[5]		3 |								| 
[4]		7 |v	2 3 	v| 
[3]		6 |								| 
[2]		14 |								| 
[1]		21 |								| 


******** STEP 52 ********
[16]		0 |								| 9 5 3 8 6 3 13 12 10 
[15]		0 |								| 8 4 1 9 10 8 12 13 
[14]		0 |								| 7 5 
[13]		0 |								| 3 5 11 9 5 6 11 8 4 4 
[12]		0 |								| 9 6 6 9 
[11]		0 |								| 
[10]		0 |								| 
[9]		0 |								| 
[8]		3 |								| 
[7]		2 |								| 
[6]		5 |								| 
[5]		3 |								| 
[4]		7 |								| 
[3]		7 |v	2 	v| 
[2]		14 |								| 
[1]		21 |								| 


******** STEP 53 ********
[16]		0 |								| 9 5 3 8 6 3 13 12 10 
[15]		0 |								| 8 4 1 9 10 8 12 13 
[14]		0 |								| 7 5 
[13]		0 |								| 3 5 11 9 5 6 11 8 4 4 
[12]		0 |								| 9 6 6 9 
[11]		0 |								| 
[10]		0 |								| 
[9]		0 |								| 
[8]		3 |								| 
[7]		2 |								| 
[6]		5 |								| 
[5]		3 |								| 
[4]		7 |								| 
[3]		7 |								| 
[2]		15 |v		v| 
[1]		21 |								| 


******** STEP 54 ********
[16]		0 |								| 9 5 3 8 6 3 13 12 10 
[15]		0 |								| 8 4 1 9 10 8 12 13 
[14]		0 |								| 7 5 
[13]		0 |								| 3 5 11 9 5 6 11 8 4 4 
[12]		0 |^	6 6 9 9 	^| 
[11]		0 |								| 
[10]		0 |								| 
[9]		0 |								| 
[8]		3 |								| 
[7]		2 |								| 
[6]		5 |								| 
[5]		3 |								| 
[4]		7 |								| 
[3]		7 |								| 
[2]		15 |								| 
[1]		21 |								| 


******** STEP 55 ********
[16]		0 |v	6 6 9 9 3 	v| 9 5 8 6 3 13 12 10 
[15]		0 |								| 8 4 1 9 10 8 12 13 
[14]		0 |								| 7 5 
[13]		0 |								| 3 5 11 9 5 6 11 8 4 4 
[12]		0 |								| 
[11]		0 |								| 
[10]		0 |								| 
[9]		0 |								| 
[8]		3 |								| 
[7]		2 |								| 
[6]		5 |								| 
[5]		3 |								| 
[4]		7 |								| 
[3]		7 |								| 
[2]		15 |								| 
[1]		21 |								| 


******** STEP 56 ********
[16]		0 |								| 9 5 8 6 3 13 12 10 
[15]		0 |								| 8 4 1 9 10 8 12 13 
[14]		0 |								| 7 5 
[13]		0 |								| 3 5 11 9 5 6 11 8 4 4 
[12]		0 |								| 
[11]		0 |								| 
[10]		0 |								| 
[9]		2 |v	6 6 3 	v| 
[8]		3 |								| 
[7]		2 |								| 
[6]		5 |								| 
[5]		3 |								| 
[4]		7 |								| 
[3]		7 |								| 
[2]		15 |								| 
[1]		21 |								| 


******** STEP 57 ********
[16]		0 |								| 9 5 8 6 3 13 12 10 
[15]		0 |								| 8 4 1 9 10 8 12 13 
[14]		0 |								| 7 5 
[13]		0 |								| 3 5 11 9 5 6 11 8 4 4 
[12]		0 |								| 
[11]		0 |								| 
[10]		0 |								| 
[9]		2 |								| 
[8]		3 |								| 
[7]		2 |								| 
[6]		7 |v	3 	v| 
[5]		3 |								| 
[4]		7 |								| 
[3]		7 |								| 
[2]		15 |								| 
[1]		21 |								| 


******** STEP 58 ********
[16]		0 |								| 9 5 8 6 3 13 12 10 
[15]		0 |								| 8 4 1 9 10 8 12 13 
[14]		0 |								| 7 5 
[13]		0 |								| 3 5 11 9 5 6 11 8 4 4 
[12]		0 |								| 
[11]		0 |								| 
[10]		0 |								| 
[9]		2 |								| 
[8]		3 |								| 
[7]		2 |								| 
[6]		7 |								| 
[5]		3 |								| 
[4]		7 |								| 
[3]		8 |v		v| 
[2]		15 |								| 
[1]		21 |								| 


******** STEP 59 ********
[16]		0 |								| 9 5 8 6 3 13 12 10 
[15]		0 |								| 8 4 1 9 10 8 12 13 
[14]		0 |								| 7 5 
[13]		0 |^	3 4 4 5 5 	^| 11 9 6 11 8 
[12]		0 |								| 
[11]		0 |								| 
[10]		0 |								| 
[9]		2 |								| 
[8]		3 |								| 
[7]		2 |								| 
[6]		7 |								| 
[5]		3 |								| 
[4]		7 |								| 
[3]		8 |								| 
[2]		15 |								| 
[1]		21 |								| 


******** STEP 60 ********
[16]		0 |								| 9 5 8 6 3 13 12 10 
[15]		0 |								| 8 4 1 9 10 8 12 13 
[14]		0 |								| 7 5 
[13]		0 |								| 11 9 6 11 8 
[12]		0 |								| 
[11]		0 |								| 
[10]		0 |								| 
[9]		2 |								| 
[8]		3 |								| 
[7]		2 |								| 
[6]		7 |								| 
[5]		5 |v	3 4 4 	v| 
[4]		7 |								| 
[3]		8 |								| 
[2]		15 |								| 
[1]		21 |								| 


******** STEP 61 ********
[16]		0 |								| 9 5 8 6 3 13 12 10 
[15]		0 |								| 8 4 1 9 10 8 12 13 
[14]		0 |								| 7 5 
[13]		0 |								| 11 9 6 11 8 
[12]		0 |								| 
[11]		0 |								| 
[10]		0 |								| 
[9]		2 |								| 
[8]		3 |								| 
[7]		2 |								| 
[6]		7 |								| 
[5]		5 |								| 
[4]		9 |v	3 	v| 
[3]		8 |								| 
[2]		15 |								| 
[1]		21 |								| 


******** STEP 62 ********
[16]		0 |								| 9 5 8 6 3 13 12 10 
[15]		0 |								| 8 4 1 9 10 8 12 13 
[14]		0 |								| 7 5 
[13]		0 |								| 11 9 6 11 8 
[12]		0 |								| 
[11]		0 |								| 
[10]		0 |								| 
[9]		2 |								| 
[8]		3 |								| 
[7]		2 |								| 
[6]		7 |								| 
[5]		5 |								| 
[4]		9 |								| 
[3]		9 |v		v| 
[2]		15 |								| 
[1]		21 |								| 


******** STEP 63 ********
[16]		0 |								| 9 5 8 6 3 13 12 10 
[15]		0 |								| 8 4 1 9 10 8 12 13 
[14]		0 |								| 7 5 
[13]		0 |^	6 8 9 11 11 	^| 
[12]		0 |								| 
[11]		0 |								| 
[10]		0 |								| 
[9]		2 |								| 
[8]		3 |								| 
[7]		2 |								| 
[6]		7 |								| 
[5]		5 |								| 
[4]		9 |								| 
[3]		9 |								| 
[2]		15 |								| 
[1]		21 |								| 


******** STEP 64 ********
[16]		0 |								| 9 5 8 6 3 13 12 10 
[15]		0 |								| 8 4 1 9 10 8 12 13 
[14]		0 |								| 7 5 
[13]		0 |								| 
[12]		0 |								| 
[11]		2 |v	6 8 9 	v| 
[10]		0 |								| 
[9]		2 |								| 
[8]		3 |								| 
[7]		2 |								| 
[6]		7 |								| 
[5]		5 |								| 
[4]		9 |								| 
[3]		9 |								| 
[2]		15 |								| 
[1]		21 |								| 


******** STEP 65 ********
[16]		0 |								| 9 5 8 6 3 13 12 10 
[15]		0 |								| 8 4 1 9 10 8 12 13 
[14]		0 |								| 7 5 
[13]		0 |								| 
[12]		0 |								| 
[11]		2 |								| 
[10]		0 |								| 
[9]		3 |v	6 8 	v| 
[8]		3 |								| 
[7]		2 |								| 
[6]		7 |								| 
[5]		5 |								| 
[4]		9 |								| 
[3]		9 |								| 
[2]		15 |								| 
[1]		21 |								| 


******** STEP 66 ********
[16]		0 |								| 9 5 8 6 3 13 12 10 
[15]		0 |								| 8 4 1 9 10 8 12 13 
[14]		0 |								| 7 5 
[13]		0 |								| 
[12]		0 |								| 
[11]		2 |								| 
[10]		0 |								| 
[9]		3 |								| 
[8]		4 |v	6 	v| 
[7]		2 |								| 
[6]		7 |								| 
[5]		5 |								| 
[4]		9 |								| 
[3]		9 |								| 
[2]		15 |								| 
[1]		21 |								| 


******** STEP 67 ********
[16]		0 |								| 9 5 8 6 3 13 12 10 
[15]		0 |								| 8 4 1 9 10 8 12 13 
[14]		0 |								| 7 5 
[13]		0 |								| 
[12]		0 |								| 
[11]		2 |								| 
[10]		0 |								| 
[9]		3 |								| 
[8]		4 |								| 
[7]		2 |								| 
[6]		8 |v		v| 
[5]		5 |								| 
[4]		9 |								| 
[3]		9 |								| 
[2]		15 |								| 
[1]		21 |								| 


******** STEP 68 ********
[16]		0 |								| 9 5 8 6 3 13 12 10 
[15]		0 |								| 8 4 1 9 10 8 12 13 
[14]		0 |^	5 7 	^| 
[13]		0 |								| 
[12]		0 |								| 
[11]		2 |								| 
[10]		0 |								| 
[9]		3 |								| 
[8]		4 |								| 
[7]		2 |								| 
[6]		8 |								| 
[5]		5 |								| 
[4]		9 |								| 
[3]		9 |								| 
[2]		15 |								| 
[1]		21 |								| 


******** STEP 69 ********
[16]		0 |v	5 7 3 5 6 	v| 9 8 13 12 10 
[15]		0 |								| 8 4 1 9 10 8 12 13 
[14]		0 |								| 
[13]		0 |								| 
[12]		0 |								| 
[11]		2 |								| 
[10]		0 |								| 
[9]		3 |								| 
[8]		4 |								| 
[7]		2 |								| 
[6]		8 |								| 
[5]		5 |								| 
[4]		9 |								| 
[3]		9 |								| 
[2]		15 |								| 
[1]		21 |								| 


******** STEP 70 ********
[16]		0 |								| 9 8 13 12 10 
[15]		0 |								| 8 4 1 9 10 8 12 13 
[14]		0 |								| 
[13]		0 |								| 
[12]		0 |								| 
[11]		2 |								| 
[10]		0 |								| 
[9]		3 |								| 
[8]		4 |								| 
[7]		3 |v	5 3 5 6 	v| 
[6]		8 |								| 
[5]		5 |								| 
[4]		9 |								| 
[3]		9 |								| 
[2]		15 |								| 
[1]		21 |								| 


******** STEP 71 ********
[16]		0 |								| 9 8 13 12 10 
[15]		0 |								| 8 4 1 9 10 8 12 13 
[14]		0 |								| 
[13]		0 |								| 
[12]		0 |								| 
[11]		2 |								| 
[10]		0 |								| 
[9]		3 |								| 
[8]		4 |								| 
[7]		3 |								| 
[6]		9 |v	5 3 5 	v| 
[5]		5 |								| 
[4]		9 |								| 
[3]		9 |								| 
[2]		15 |								| 
[1]		21 |								| 


******** STEP 72 ********
[16]		0 |								| 9 8 13 12 10 
[15]		0 |								| 8 4 1 9 10 8 12 13 
[14]		0 |								| 
[13]		0 |								| 
[12]		0 |								| 
[11]		2 |								| 
[10]		0 |								| 
[9]		3 |								| 
[8]		4 |								| 
[7]		3 |								| 
[6]		9 |								| 
[5]		7 |v	3 	v| 
[4]		9 |								| 
[3]		9 |								| 
[2]		15 |								| 
[1]		21 |								| 


******** STEP 73 ********
[16]		0 |								| 9 8 13 12 10 
[15]		0 |								| 8 4 1 9 10 8 12 13 
[14]		0 |								| 
[13]		0 |								| 
[12]		0 |								| 
[11]		2 |								| 
[10]		0 |								| 
[9]		3 |								| 
[8]		4 |								| 
[7]		3 |								| 
[6]		9 |								| 
[5]		7 |								| 
[4]		9 |								| 
[3]		10 |v		v| 
[2]		15 |								| 
[1]		21 |								| 


******** STEP 74 ********
[16]		0 |								| 9 8 13 12 10 
[15]		0 |^	1 4 8 8 9 	^| 10 12 13 
[14]		0 |								| 
[13]		0 |								| 
[12]		0 |								| 
[11]		2 |								| 
[10]		0 |								| 
[9]		3 |								| 
[8]		4 |								| 
[7]		3 |								| 
[6]		9 |								| 
[5]		7 |								| 
[4]		9 |								| 
[3]		10 |								| 
[2]		15 |								| 
[1]		21 |								| 


******** STEP 75 ********
[16]		0 |								| 9 8 13 12 10 
[15]		0 |								| 10 12 13 
[14]		0 |								| 
[13]		0 |								| 
[12]		0 |								| 
[11]		2 |								| 
[10]		0 |								| 
[9]		4 |v	1 4 8 8 	v| 
[8]		4 |								| 
[7]		3 |								| 
[6]		9 |								| 
[5]		7 |								| 
[4]		9 |								| 
[3]		10 |								| 
[2]		15 |								| 
[1]		21 |								| 


******** STEP 76 ********
[16]		0 |								| 9 8 13 12 10 
[15]		0 |								| 10 12 13 
[14]		0 |								| 
[13]		0 |								| 
[12]		0 |								| 
[11]		2 |								| 
[10]		0 |								| 
[9]		4 |								| 
[8]		6 |v	1 4 	v| 
[7]		3 |								| 
[6]		9 |								| 
[5]		7 |								| 
[4]		9 |								| 
[3]		10 |								| 
[2]		15 |								| 
[1]		21 |								| 


******** STEP 77 ********
[16]		0 |								| 9 8 13 12 10 
[15]		0 |								| 10 12 13 
[14]		0 |								| 
[13]		0 |								| 
[12]		0 |								| 
[11]		2 |								| 
[10]		0 |								| 
[9]		4 |								| 
[8]		6 |								| 
[7]		3 |								| 
[6]		9 |								| 
[5]		7 |								| 
[4]		10 |v	1 	v| 
[3]		10 |								| 
[2]		15 |								| 
[1]		21 |								| 


******** STEP 78 ********
[16]		0 |								| 9 8 13 12 10 
[15]		0 |								| 10 12 13 
[14]		0 |								| 
[13]		0 |								| 
[12]		0 |								| 
[11]		2 |								| 
[10]		0 |								| 
[9]		4 |								| 
[8]		6 |								| 
[7]		3 |								| 
[6]		9 |								| 
[5]		7 |								| 
[4]		10 |								| 
[3]		10 |								| 
[2]		15 |								| 
[1]		22 |v		v| 


******** STEP 79 ********
[16]		0 |								| 9 8 13 12 10 
[15]		0 |^	10 12 13 	^| 
[14]		0 |								| 
[13]		0 |								| 
[12]		0 |								| 
[11]		2 |								| 
[10]		0 |								| 
[9]		4 |								| 
[8]		6 |								| 
[7]		3 |								| 
[6]		9 |								| 
[5]		7 |								| 
[4]		10 |								| 
[3]		10 |								| 
[2]		15 |								| 
[1]		22 |								| 


******** STEP 80 ********
[16]		0 |								| 9 8 13 12 10 
[15]		0 |								| 
[14]		0 |								| 
[13]		1 |v	10 12 	v| 
[12]		0 |								| 
[11]		2 |								| 
[10]		0 |								| 
[9]		4 |								| 
[8]		6 |								| 
[7]		3 |								| 
[6]		9 |								| 
[5]		7 |								| 
[4]		10 |								| 
[3]		10 |								| 
[2]		15 |								| 
[1]		22 |								| 


******** STEP 81 ********
[16]		0 |								| 9 8 13 12 10 
[15]		0 |								| 
[14]		0 |								| 
[13]		1 |								| 
[12]		1 |v	10 	v| 
[11]		2 |								| 
[10]		0 |								| 
[9]		4 |								| 
[8]		6 |								| 
[7]		3 |								| 
[6]		9 |								| 
[5]		7 |								| 
[4]		10 |								| 
[3]		10 |								| 
[2]		15 |								| 
[1]		22 |								| 


******** STEP 82 ********
[16]		0 |								| 9 8 13 12 10 
[15]		0 |								| 
[14]		0 |								| 
[13]		1 |								| 
[12]		1 |								| 
[11]		2 |								| 
[10]		1 |v		v| 
[9]		4 |								| 
[8]		6 |								| 
[7]		3 |								| 
[6]		9 |								| 
[5]		7 |								| 
[4]		10 |								| 
[3]		10 |								| 
[2]		15 |								| 
[1]		22 |								| 


******** STEP 83 ********
[16]		0 |^	8 9 10 12 13 	^| 
[15]		0 |								| 
[14]		0 |								| 
[13]		1 |								| 
[12]		1 |								| 
[11]		2 |								| 
[10]		1 |								| 
[9]		4 |								| 
[8]		6 |								| 
[7]		3 |								| 
[6]		9 |								| 
[5]		7 |								| 
[4]		10 |								| 
[3]		10 |								| 
[2]		15 |								| 
[1]		22 |								| 


******** STEP 84 ********
[16]		0 |								| 
[15]		0 |								| 
[14]		0 |								| 
[13]		2 |v	8 9 10 12 	v| 
[12]		1 |								| 
[11]		2 |								| 
[10]		1 |								| 
[9]		4 |								| 
[8]		6 |								| 
[7]		3 |								| 
[6]		9 |								| 
[5]		7 |								| 
[4]		10 |								| 
[3]		10 |								| 
[2]		15 |								| 
[1]		22 |								| 


******** STEP 85 ********
[16]		0 |								| 
[15]		0 |								| 
[14]		0 |								| 
[13]		2 |								| 
[12]		2 |v	8 9 10 	v| 
[11]		2 |								| 
[10]		1 |								| 
[9]		4 |								| 
[8]		6 |								| 
[7]		3 |								| 
[6]		9 |								| 
[5]		7 |								| 
[4]		10 |								| 
[3]		10 |								| 
[2]		15 |								| 
[1]		22 |								| 


******** STEP 86 ********
[16]		0 |								| 
[15]		0 |								| 
[14]		0 |								| 
[13]		2 |								| 
[12]		2 |								| 
[11]		2 |								| 
[10]		2 |v	8 9 	v| 
[9]		4 |								| 
[8]		6 |								| 
[7]		3 |								| 
[6]		9 |								| 
[5]		7 |								| 
[4]		10 |								| 
[3]		10 |								| 
[2]		15 |								| 
[1]		22 |								| 


******** STEP 87 ********
[16]		0 |								| 
[15]		0 |								| 
[14]		0 |								| 
[13]		2 |								| 
[12]		2 |								| 
[11]		2 |								| 
[10]		2 |								| 
[9]		5 |v	8 	v| 
[8]		6 |								| 
[7]		3 |								| 
[6]		9 |								| 
[5]		7 |								| 
[4]		10 |								| 
[3]		10 |								| 
[2]		15 |								| 
[1]		22 |								| 


******** STEP 88 ********
[16]		0 |								| 
[15]		0 |								| 
[14]		0 |								| 
[13]		2 |								| 
[12]		2 |								| 
[11]		2 |								| 
[10]		2 |								| 
[9]		5 |								| 
[8]		7 |v		v| 
[7]		3 |								| 
[6]		9 |								| 
[5]		7 |								| 
[4]		10 |								| 
[3]		10 |								| 
[2]		15 |								| 
[1]		22 |								| 


