Building: 18 floors. Lift capacity: 5
******** STEP 0 ********
[18]		0 |								| 1 13 12 16 
[17]		0 |								| 5 5 2 16 14 15 
[16]		0 |								| 15 18 17 11 
[15]		0 |								| 
[14]		0 |								| 5 13 12 6 5 10 11 
[13]		0 |								| 1 2 9 5 
[12]		0 |								| 8 
[11]		0 |								| 18 8 
[10]		0 |								| 3 15 12 16 5 17 5 2 
[9]		0 |								| 10 3 3 1 3 
[8]		0 |								| 17 
[7]		0 |								| 16 3 12 8 13 15 
[6]		0 |								| 
[5]		0 |								| 15 4 16 15 11 8 
[4]		0 |								| 6 3 
[3]		0 |								| 14 12 11 7 5 7 8 17 
[2]		0 |								| 
[1]		0 |v		v| 9 4 15 12 13 


******** STEP 1 ********
[18]		0 |								| 1 13 12 16 
[17]		0 |								| 5 5 2 16 14 15 
[16]		0 |								| 15 18 17 11 
[15]		0 |								| 
[14]		0 |								| 5 13 12 6 5 10 11 
[13]		0 |								| 1 2 9 5 
[12]		0 |								| 8 
[11]		0 |								| 18 8 
[10]		0 |								| 3 15 12 16 5 17 5 2 
[9]		0 |								| 10 3 3 1 3 
[8]		0 |								| 17 
[7]		0 |								| 16 3 12 8 13 15 
[6]		0 |								| 
[5]		0 |								| 15 4 16 15 11 8 
[4]		0 |								| 6 3 
[3]		0 |								| 14 12 11 7 5 7 8 17 
[2]		0 |								| 
[1]		0 |^	15 13 12 9 4 	^| 


******** STEP 2 ********
[18]		0 |								| 1 13 12 16 
[17]		0 |								| 5 5 2 16 14 15 
[16]		0 |								| 15 18 17 11 
[15]		0 |								| 
[14]		0 |								| 5 13 12 6 5 10 11 
[13]		0 |								| 1 2 9 5 
[12]		0 |								| 8 
[11]		0 |								| 18 8 
[10]		0 |								| 3 15 12 16 5 17 5 2 
[9]		0 |								| 10 3 3 1 3 
[8]		0 |								| 17 
[7]		0 |								| 16 3 12 8 13 15 
[6]		0 |								| 
[5]		0 |								| 15 4 16 15 11 8 
[4]		1 |^	15 13 12 9 	^| 6 3 
[3]		0 |								| 14 12 11 7 5 7 8 17 
[2]		0 |								| 
[1]		0 |								| 


******** STEP 3 ********
[18]		0 |								| 1 13 12 16 
[17]		0 |								| 5 5 2 16 14 15 
[16]		0 |								| 15 18 17 11 
[15]		0 |								| 
[14]		0 |								| 5 13 12 6 5 10 11 
[13]		0 |								| 1 2 9 5 
[12]		0 |								| 8 
[11]		0 |								| 18 8 
[10]		0 |								| 3 15 12 16 5 17 5 2 
[9]		0 |								| 10 3 3 1 3 
[8]		0 |								| 17 
[7]		0 |								| 16 3 12 8 13 15 
[6]		0 |								| 
[5]		0 |								| 15 4 16 15 11 8 
[4]		1 |^	15 13 12 9 6 	^| 3 
[3]		0 |								| 14 12 11 7 5 7 8 17 
[2]		0 |								| 
[1]		0 |								| 


******** STEP 4 ********
[18]		0 |								| 1 13 12 16 
[17]		0 |								| 5 5 2 16 14 15 
[16]		0 |								| 15 18 17 11 
[15]		0 |								| 
[14]		0 |								| 5 13 12 6 5 10 11 
[13]		0 |								| 1 2 9 5 
[12]		0 |								| 8 
[11]		0 |								| 18 8 
[10]		0 |								| 3 15 12 16 5 17 5 2 
[9]		0 |								| 10 3 3 1 3 
[8]		0 |								| 17 
[7]		0 |								| 16 3 12 8 13 15 
[6]		1 |^	15 13 12 9 	^| 
[5]		0 |								| 15 4 16 15 11 8 
[4]		1 |								| 3 
[3]		0 |								| 14 12 11 7 5 7 8 17 
[2]		0 |								| 
[1]		0 |								| 


******** STEP 5 ********
[18]		0 |								| 1 13 12 16 
[17]		0 |								| 5 5 2 16 14 15 
[16]		0 |								| 15 18 17 11 
[15]		0 |								| 
[14]		0 |								| 5 13 12 6 5 10 11 
[13]		0 |								| 1 2 9 5 
[12]		0 |								| 8 
[11]		0 |								| 18 8 
[10]		0 |								| 3 15 12 16 5 17 5 2 
[9]		0 |								| 10 3 3 1 3 
[8]		0 |								| 17 
[7]		0 |^	15 13 12 9 16 	^| 3 12 8 13 15 
[6]		1 |								| 
[5]		0 |								| 15 4 16 15 11 8 
[4]		1 |								| 3 
[3]		0 |								| 14 12 11 7 5 7 8 17 
[2]		0 |								| 
[1]		0 |								| 


******** STEP 6 ********
[18]		0 |								| 1 13 12 16 
[17]		0 |								| 5 5 2 16 14 15 
[16]		0 |								| 15 18 17 11 
[15]		0 |								| 
[14]		0 |								| 5 13 12 6 5 10 11 
[13]		0 |								| 1 2 9 5 
[12]		0 |								| 8 
[11]		0 |								| 18 8 
[10]		0 |								| 3 15 12 16 5 17 5 2 
[9]		1 |^	15 13 12 16 	^| 10 3 3 1 3 
[8]		0 |								| 17 
[7]		0 |								| 3 12 8 13 15 
[6]		1 |								| 
[5]		0 |								| 15 4 16 15 11 8 
[4]		1 |								| 3 
[3]		0 |								| 14 12 11 7 5 7 8 17 
[2]		0 |								| 
[1]		0 |								| 


******** STEP 7 ********
[18]		0 |								| 1 13 12 16 
[17]		0 |								| 5 5 2 16 14 15 
[16]		0 |								| 15 18 17 11 
[15]		0 |								| 
[14]		0 |								| 5 13 12 6 5 10 11 
[13]		0 |								| 1 2 9 5 
[12]		0 |								| 8 
[11]		0 |								| 18 8 
[10]		0 |								| 3 15 12 16 5 17 5 2 
[9]		1 |^	15 13 12 16 10 	^| 3 3 1 3 
[8]		0 |								| 17 
[7]		0 |								| 3 12 8 13 15 
[6]		1 |								| 
[5]		0 |								| 15 4 16 15 11 8 
[4]		1 |								| 3 
[3]		0 |								| 14 12 11 7 5 7 8 17 
[2]		0 |								| 
[1]		0 |								| 


******** STEP 8 ********
[18]		0 |								| 1 13 12 16 
[17]		0 |								| 5 5 2 16 14 15 
[16]		0 |								| 15 18 17 11 
[15]		0 |								| 
[14]		0 |								| 5 13 12 6 5 10 11 
[13]		0 |								| 1 2 9 5 
[12]		0 |								| 8 
[11]		0 |								| 18 8 
[10]		1 |^	15 13 12 16 	^| 3 15 12 16 5 17 5 2 
[9]		1 |								| 3 3 1 3 
[8]		0 |								| 17 
[7]		0 |								| 3 12 8 13 15 
[6]		1 |								| 
[5]		0 |								| 15 4 16 15 11 8 
[4]		1 |								| 3 
[3]		0 |								| 14 12 11 7 5 7 8 17 
[2]		0 |								| 
[1]		0 |								| 


******** STEP 9 ********
[18]		0 |								| 1 13 12 16 
[17]		0 |								| 5 5 2 16 14 15 
[16]		0 |								| 15 18 17 11 
[15]		0 |								| 
[14]		0 |								| 5 13 12 6 5 10 11 
[13]		0 |								| 1 2 9 5 
[12]		0 |								| 8 
[11]		0 |								| 18 8 
[10]		1 |^	15 13 12 16 17 	^| 3 15 12 16 5 5 2 
[9]		1 |								| 3 3 1 3 
[8]		0 |								| 17 
[7]		0 |								| 3 12 8 13 15 
[6]		1 |								| 
[5]		0 |								| 15 4 16 15 11 8 
[4]		1 |								| 3 
[3]		0 |								| 14 12 11 7 5 7 8 17 
[2]		0 |								| 
[1]		0 |								| 


******** STEP 10 ********
[18]		0 |								| 1 13 12 16 
[17]		0 |								| 5 5 2 16 14 15 
[16]		0 |								| 15 18 17 11 
[15]		0 |								| 
[14]		0 |								| 5 13 12 6 5 10 11 
[13]		0 |								| 1 2 9 5 
[12]		1 |^	15 13 16 17 	^| 8 
[11]		0 |								| 18 8 
[10]		1 |								| 3 15 12 16 5 5 2 
[9]		1 |								| 3 3 1 3 
[8]		0 |								| 17 
[7]		0 |								| 3 12 8 13 15 
[6]		1 |								| 
[5]		0 |								| 15 4 16 15 11 8 
[4]		1 |								| 3 
[3]		0 |								| 14 12 11 7 5 7 8 17 
[2]		0 |								| 
[1]		0 |								| 


******** STEP 11 ********
[18]		0 |								| 1 13 12 16 
[17]		0 |								| 5 5 2 16 14 15 
[16]		0 |								| 15 18 17 11 
[15]		0 |								| 
[14]		0 |								| 5 13 12 6 5 10 11 
[13]		1 |^	15 16 17 	^| 1 2 9 5 
[12]		1 |								| 8 
[11]		0 |								| 18 8 
[10]		1 |								| 3 15 12 16 5 5 2 
[9]		1 |								| 3 3 1 3 
[8]		0 |								| 17 
[7]		0 |								| 3 12 8 13 15 
[6]		1 |								| 
[5]		0 |								| 15 4 16 15 11 8 
[4]		1 |								| 3 
[3]		0 |								| 14 12 11 7 5 7 8 17 
[2]		0 |								| 
[1]		0 |								| 


******** STEP 12 ********
[18]		0 |								| 1 13 12 16 
[17]		0 |								| 5 5 2 16 14 15 
[16]		0 |								| 15 18 17 11 
[15]		1 |^	16 17 	^| 
[14]		0 |								| 5 13 12 6 5 10 11 
[13]		1 |								| 1 2 9 5 
[12]		1 |								| 8 
[11]		0 |								| 18 8 
[10]		1 |								| 3 15 12 16 5 5 2 
[9]		1 |								| 3 3 1 3 
[8]		0 |								| 17 
[7]		0 |								| 3 12 8 13 15 
[6]		1 |								| 
[5]		0 |								| 15 4 16 15 11 8 
[4]		1 |								| 3 
[3]		0 |								| 14 12 11 7 5 7 8 17 
[2]		0 |								| 
[1]		0 |								| 


******** STEP 13 ********
[18]		0 |								| 1 13 12 16 
[17]		0 |								| 5 5 2 16 14 15 
[16]		1 |^	17 	^| 15 18 17 11 
[15]		1 |								| 
[14]		0 |								| 5 13 12 6 5 10 11 
[13]		1 |								| 1 2 9 5 
[12]		1 |								| 8 
[11]		0 |								| 18 8 
[10]		1 |								| 3 15 12 16 5 5 2 
[9]		1 |								| 3 3 1 3 
[8]		0 |								| 17 
[7]		0 |								| 3 12 8 13 15 
[6]		1 |								| 
[5]		0 |								| 15 4 16 15 11 8 
[4]		1 |								| 3 
[3]		0 |								| 14 12 11 7 5 7 8 17 
[2]		0 |								| 
[1]		0 |								| 


******** STEP 14 ********
[18]		0 |								| 1 13 12 16 
[17]		0 |								| 5 5 2 16 14 15 
[16]		1 |^	17 18 17 	^| 15 11 
[15]		1 |								| 
[14]		0 |								| 5 13 12 6 5 10 11 
[13]		1 |								| 1 2 9 5 
[12]		1 |								| 8 
[11]		0 |								| 18 8 
[10]		1 |								| 3 15 12 16 5 5 2 
[9]		1 |								| 3 3 1 3 
[8]		0 |								| 17 
[7]		0 |								| 3 12 8 13 15 
[6]		1 |								| 
[5]		0 |								| 15 4 16 15 11 8 
[4]		1 |								| 3 
[3]		0 |								| 14 12 11 7 5 7 8 17 
[2]		0 |								| 
[1]		0 |								| 


******** STEP 15 ********
[18]		0 |								| 1 13 12 16 
[17]		2 |^	18 	^| 5 5 2 16 14 15 
[16]		1 |								| 15 11 
[15]		1 |								| 
[14]		0 |								| 5 13 12 6 5 10 11 
[13]		1 |								| 1 2 9 5 
[12]		1 |								| 8 
[11]		0 |								| 18 8 
[10]		1 |								| 3 15 12 16 5 5 2 
[9]		1 |								| 3 3 1 3 
[8]		0 |								| 17 
[7]		0 |								| 3 12 8 13 15 
[6]		1 |								| 
[5]		0 |								| 15 4 16 15 11 8 
[4]		1 |								| 3 
[3]		0 |								| 14 12 11 7 5 7 8 17 
[2]		0 |								| 
[1]		0 |								| 


******** STEP 16 ********
[18]		1 |^		^| 1 13 12 16 
[17]		2 |								| 5 5 2 16 14 15 
[16]		1 |								| 15 11 
[15]		1 |								| 
[14]		0 |								| 5 13 12 6 5 10 11 
[13]		1 |								| 1 2 9 5 
[12]		1 |								| 8 
[11]		0 |								| 18 8 
[10]		1 |								| 3 15 12 16 5 5 2 
[9]		1 |								| 3 3 1 3 
[8]		0 |								| 17 
[7]		0 |								| 3 12 8 13 15 
[6]		1 |								| 
[5]		0 |								| 15 4 16 15 11 8 
[4]		1 |								| 3 
[3]		0 |								| 14 12 11 7 5 7 8 17 
[2]		0 |								| 
[1]		0 |								| 


******** STEP 17 ********
[18]		1 |^	1 12 13 16 	^| 
[17]		2 |								| 5 5 2 16 14 15 
[16]		1 |								| 15 11 
[15]		1 |								| 
[14]		0 |								| 5 13 12 6 5 10 11 
[13]		1 |								| 1 2 9 5 
[12]		1 |								| 8 
[11]		0 |								| 18 8 
[10]		1 |								| 3 15 12 16 5 5 2 
[9]		1 |								| 3 3 1 3 
[8]		0 |								| 17 
[7]		0 |								| 3 12 8 13 15 
[6]		1 |								| 
[5]		0 |								| 15 4 16 15 11 8 
[4]		1 |								| 3 
[3]		0 |								| 14 12 11 7 5 7 8 17 
[2]		0 |								| 
[1]		0 |								| 


******** STEP 18 ********
[18]		1 |								| 
[17]		2 |v	1 12 13 16 2 	v| 5 5 16 14 15 
[16]		1 |								| 15 11 
[15]		1 |								| 
[14]		0 |								| 5 13 12 6 5 10 11 
[13]		1 |								| 1 2 9 5 
[12]		1 |								| 8 
[11]		0 |								| 18 8 
[10]		1 |								| 3 15 12 16 5 5 2 
[9]		1 |								| 3 3 1 3 
[8]		0 |								| 17 
[7]		0 |								| 3 12 8 13 15 
[6]		1 |								| 
[5]		0 |								| 15 4 16 15 11 8 
[4]		1 |								| 3 
[3]		0 |								| 14 12 11 7 5 7 8 17 
[2]		0 |								| 
[1]		0 |								| 


******** STEP 19 ********
[18]		1 |								| 
[17]		2 |								| 5 5 16 14 15 
[16]		2 |v	1 12 13 2 	v| 15 11 
[15]		1 |								| 
[14]		0 |								| 5 13 12 6 5 10 11 
[13]		1 |								| 1 2 9 5 
[12]		1 |								| 8 
[11]		0 |								| 18 8 
[10]		1 |								| 3 15 12 16 5 5 2 
[9]		1 |								| 3 3 1 3 
[8]		0 |								| 17 
[7]		0 |								| 3 12 8 13 15 
[6]		1 |								| 
[5]		0 |								| 15 4 16 15 11 8 
[4]		1 |								| 3 
[3]		0 |								| 14 12 11 7 5 7 8 17 
[2]		0 |								| 
[1]		0 |								| 


******** STEP 20 ********
[18]		1 |								| 
[17]		2 |								| 5 5 16 14 15 
[16]		2 |v	1 12 13 2 11 	v| 15 
[15]		1 |								| 
[14]		0 |								| 5 13 12 6 5 10 11 
[13]		1 |								| 1 2 9 5 
[12]		1 |								| 8 
[11]		0 |								| 18 8 
[10]		1 |								| 3 15 12 16 5 5 2 
[9]		1 |								| 3 3 1 3 
[8]		0 |								| 17 
[7]		0 |								| 3 12 8 13 15 
[6]		1 |								| 
[5]		0 |								| 15 4 16 15 11 8 
[4]		1 |								| 3 
[3]		0 |								| 14 12 11 7 5 7 8 17 
[2]		0 |								| 
[1]		0 |								| 


******** STEP 21 ********
[18]		1 |								| 
[17]		2 |								| 5 5 16 14 15 
[16]		2 |								| 15 
[15]		1 |								| 
[14]		0 |								| 5 13 12 6 5 10 11 
[13]		2 |v	1 12 2 11 	v| 1 2 9 5 
[12]		1 |								| 8 
[11]		0 |								| 18 8 
[10]		1 |								| 3 15 12 16 5 5 2 
[9]		1 |								| 3 3 1 3 
[8]		0 |								| 17 
[7]		0 |								| 3 12 8 13 15 
[6]		1 |								| 
[5]		0 |								| 15 4 16 15 11 8 
[4]		1 |								| 3 
[3]		0 |								| 14 12 11 7 5 7 8 17 
[2]		0 |								| 
[1]		0 |								| 


******** STEP 22 ********
[18]		1 |								| 
[17]		2 |								| 5 5 16 14 15 
[16]		2 |								| 15 
[15]		1 |								| 
[14]		0 |								| 5 13 12 6 5 10 11 
[13]		2 |v	1 12 2 11 1 	v| 2 9 5 
[12]		1 |								| 8 
[11]		0 |								| 18 8 
[10]		1 |								| 3 15 12 16 5 5 2 
[9]		1 |								| 3 3 1 3 
[8]		0 |								| 17 
[7]		0 |								| 3 12 8 13 15 
[6]		1 |								| 
[5]		0 |								| 15 4 16 15 11 8 
[4]		1 |								| 3 
[3]		0 |								| 14 12 11 7 5 7 8 17 
[2]		0 |								| 
[1]		0 |								| 


******** STEP 23 ********
[18]		1 |								| 
[17]		2 |								| 5 5 16 14 15 
[16]		2 |								| 15 
[15]		1 |								| 
[14]		0 |								| 5 13 12 6 5 10 11 
[13]		2 |								| 2 9 5 
[12]		2 |v	1 2 11 1 	v| 8 
[11]		0 |								| 18 8 
[10]		1 |								| 3 15 12 16 5 5 2 
[9]		1 |								| 3 3 1 3 
[8]		0 |								| 17 
[7]		0 |								| 3 12 8 13 15 
[6]		1 |								| 
[5]		0 |								| 15 4 16 15 11 8 
[4]		1 |								| 3 
[3]		0 |								| 14 12 11 7 5 7 8 17 
[2]		0 |								| 
[1]		0 |								| 


******** STEP 24 ********
[18]		1 |								| 
[17]		2 |								| 5 5 16 14 15 
[16]		2 |								| 15 
[15]		1 |								| 
[14]		0 |								| 5 13 12 6 5 10 11 
[13]		2 |								| 2 9 5 
[12]		2 |v	1 2 11 1 8 	v| 
[11]		0 |								| 18 8 
[10]		1 |								| 3 15 12 16 5 5 2 
[9]		1 |								| 3 3 1 3 
[8]		0 |								| 17 
[7]		0 |								| 3 12 8 13 15 
[6]		1 |								| 
[5]		0 |								| 15 4 16 15 11 8 
[4]		1 |								| 3 
[3]		0 |								| 14 12 11 7 5 7 8 17 
[2]		0 |								| 
[1]		0 |								| 


******** STEP 25 ********
[18]		1 |								| 
[17]		2 |								| 5 5 16 14 15 
[16]		2 |								| 15 
[15]		1 |								| 
[14]		0 |								| 5 13 12 6 5 10 11 
[13]		2 |								| 2 9 5 
[12]		2 |								| 
[11]		1 |v	1 2 1 8 	v| 18 8 
[10]		1 |								| 3 15 12 16 5 5 2 
[9]		1 |								| 3 3 1 3 
[8]		0 |								| 17 
[7]		0 |								| 3 12 8 13 15 
[6]		1 |								| 
[5]		0 |								| 15 4 16 15 11 8 
[4]		1 |								| 3 
[3]		0 |								| 14 12 11 7 5 7 8 17 
[2]		0 |								| 
[1]		0 |								| 


******** STEP 26 ********
[18]		1 |								| 
[17]		2 |								| 5 5 16 14 15 
[16]		2 |								| 15 
[15]		1 |								| 
[14]		0 |								| 5 13 12 6 5 10 11 
[13]		2 |								| 2 9 5 
[12]		2 |								| 
[11]		1 |v	1 2 1 8 8 	v| 18 
[10]		1 |								| 3 15 12 16 5 5 2 
[9]		1 |								| 3 3 1 3 
[8]		0 |								| 17 
[7]		0 |								| 3 12 8 13 15 
[6]		1 |								| 
[5]		0 |								| 15 4 16 15 11 8 
[4]		1 |								| 3 
[3]		0 |								| 14 12 11 7 5 7 8 17 
[2]		0 |								| 
[1]		0 |								| 


******** STEP 27 ********
[18]		1 |								| 
[17]		2 |								| 5 5 16 14 15 
[16]		2 |								| 15 
[15]		1 |								| 
[14]		0 |								| 5 13 12 6 5 10 11 
[13]		2 |								| 2 9 5 
[12]		2 |								| 
[11]		1 |								| 18 
[10]		1 |								| 3 15 12 16 5 5 2 
[9]		1 |								| 3 3 1 3 
[8]		2 |v	1 2 1 	v| 17 
[7]		0 |								| 3 12 8 13 15 
[6]		1 |								| 
[5]		0 |								| 15 4 16 15 11 8 
[4]		1 |								| 3 
[3]		0 |								| 14 12 11 7 5 7 8 17 
[2]		0 |								| 
[1]		0 |								| 


******** STEP 28 ********
[18]		1 |								| 
[17]		2 |								| 5 5 16 14 15 
[16]		2 |								| 15 
[15]		1 |								| 
[14]		0 |								| 5 13 12 6 5 10 11 
[13]		2 |								| 2 9 5 
[12]		2 |								| 
[11]		1 |								| 18 
[10]		1 |								| 3 15 12 16 5 5 2 
[9]		1 |								| 3 3 1 3 
[8]		2 |								| 17 
[7]		0 |v	1 2 1 3 	v| 12 8 13 15 
[6]		1 |								| 
[5]		0 |								| 15 4 16 15 11 8 
[4]		1 |								| 3 
[3]		0 |								| 14 12 11 7 5 7 8 17 
[2]		0 |								| 
[1]		0 |								| 


******** STEP 29 ********
[18]		1 |								| 
[17]		2 |								| 5 5 16 14 15 
[16]		2 |								| 15 
[15]		1 |								| 
[14]		0 |								| 5 13 12 6 5 10 11 
[13]		2 |								| 2 9 5 
[12]		2 |								| 
[11]		1 |								| 18 
[10]		1 |								| 3 15 12 16 5 5 2 
[9]		1 |								| 3 3 1 3 
[8]		2 |								| 17 
[7]		0 |								| 12 8 13 15 
[6]		1 |								| 
[5]		0 |v	1 2 1 3 4 	v| 15 16 15 11 8 
[4]		1 |								| 3 
[3]		0 |								| 14 12 11 7 5 7 8 17 
[2]		0 |								| 
[1]		0 |								| 


******** STEP 30 ********
[18]		1 |								| 
[17]		2 |								| 5 5 16 14 15 
[16]		2 |								| 15 
[15]		1 |								| 
[14]		0 |								| 5 13 12 6 5 10 11 
[13]		2 |								| 2 9 5 
[12]		2 |								| 
[11]		1 |								| 18 
[10]		1 |								| 3 15 12 16 5 5 2 
[9]		1 |								| 3 3 1 3 
[8]		2 |								| 17 
[7]		0 |								| 12 8 13 15 
[6]		1 |								| 
[5]		0 |								| 15 16 15 11 8 
[4]		2 |v	1 2 1 3 	v| 3 
[3]		0 |								| 14 12 11 7 5 7 8 17 
[2]		0 |								| 
[1]		0 |								| 


******** STEP 31 ********
[18]		1 |								| 
[17]		2 |								| 5 5 16 14 15 
[16]		2 |								| 15 
[15]		1 |								| 
[14]		0 |								| 5 13 12 6 5 10 11 
[13]		2 |								| 2 9 5 
[12]		2 |								| 
[11]		1 |								| 18 
[10]		1 |								| 3 15 12 16 5 5 2 
[9]		1 |								| 3 3 1 3 
[8]		2 |								| 17 
[7]		0 |								| 12 8 13 15 
[6]		1 |								| 
[5]		0 |								| 15 16 15 11 8 
[4]		2 |v	1 2 1 3 3 	v| 
[3]		0 |								| 14 12 11 7 5 7 8 17 
[2]		0 |								| 
[1]		0 |								| 


******** STEP 32 ********
[18]		1 |								| 
[17]		2 |								| 5 5 16 14 15 
[16]		2 |								| 15 
[15]		1 |								| 
[14]		0 |								| 5 13 12 6 5 10 11 
[13]		2 |								| 2 9 5 
[12]		2 |								| 
[11]		1 |								| 18 
[10]		1 |								| 3 15 12 16 5 5 2 
[9]		1 |								| 3 3 1 3 
[8]		2 |								| 17 
[7]		0 |								| 12 8 13 15 
[6]		1 |								| 
[5]		0 |								| 15 16 15 11 8 
[4]		2 |								| 
[3]		2 |v	1 2 1 	v| 14 12 11 7 5 7 8 17 
[2]		0 |								| 
[1]		0 |								| 


******** STEP 33 ********
[18]		1 |								| 
[17]		2 |								| 5 5 16 14 15 
[16]		2 |								| 15 
[15]		1 |								| 
[14]		0 |								| 5 13 12 6 5 10 11 
[13]		2 |								| 2 9 5 
[12]		2 |								| 
[11]		1 |								| 18 
[10]		1 |								| 3 15 12 16 5 5 2 
[9]		1 |								| 3 3 1 3 
[8]		2 |								| 17 
[7]		0 |								| 12 8 13 15 
[6]		1 |								| 
[5]		0 |								| 15 16 15 11 8 
[4]		2 |								| 
[3]		2 |								| 14 12 11 7 5 7 8 17 
[2]		1 |v	1 1 	v| 
[1]		0 |								| 


******** STEP 34 ********
[18]		1 |								| 
[17]		2 |								| 5 5 16 14 15 
[16]		2 |								| 15 
[15]		1 |								| 
[14]		0 |								| 5 13 12 6 5 10 11 
[13]		2 |								| 2 9 5 
[12]		2 |								| 
[11]		1 |								| 18 
[10]		1 |								| 3 15 12 16 5 5 2 
[9]		1 |								| 3 3 1 3 
[8]		2 |								| 17 
[7]		0 |								| 12 8 13 15 
[6]		1 |								| 
[5]		0 |								| 15 16 15 11 8 
[4]		2 |								| 
[3]		2 |								| 14 12 11 7 5 7 8 17 
[2]		1 |								| 
[1]		2 |v		v| 


******** STEP 35 ********
[18]		1 |								| 
[17]		2 |								| 5 5 16 14 15 
[16]		2 |								| 15 
[15]		1 |								| 
[14]		0 |								| 5 13 12 6 5 10 11 
[13]		2 |								| 2 9 5 
[12]		2 |								| 
[11]		1 |								| 18 
[10]		1 |								| 3 15 12 16 5 5 2 
[9]		1 |								| 3 3 1 3 
[8]		2 |								| 17 
[7]		0 |								| 12 8 13 15 
[6]		1 |								| 
[5]		0 |								| 15 16 15 11 8 
[4]		2 |								| 
[3]		2 |^	17 14 12 11 8 	^| 7 5 7 
[2]		1 |								| 
[1]		2 |								| 


******** STEP 36 ********
[18]		1 |								| 
[17]		2 |								| 5 5 16 14 15 
[16]		2 |								| 15 
[15]		1 |								| 
[14]		0 |								| 5 13 12 6 5 10 11 
[13]		2 |								| 2 9 5 
[12]		2 |								| 
[11]		1 |								| 18 
[10]		1 |								| 3 15 12 16 5 5 2 
[9]		1 |								| 3 3 1 3 
[8]		3 |^	17 14 12 11 	^| 17 
[7]		0 |								| 12 8 13 15 
[6]		1 |								| 
[5]		0 |								| 15 16 15 11 8 
[4]		2 |								| 
[3]		2 |								| 7 5 7 
[2]		1 |								| 
[1]		2 |								| 


******** STEP 37 ********
[18]		1 |								| 
[17]		2 |								| 5 5 16 14 15 
[16]		2 |								| 15 
[15]		1 |								| 
[14]		0 |								| 5 13 12 6 5 10 11 
[13]		2 |								| 2 9 5 
[12]		2 |								| 
[11]		1 |								| 18 
[10]		1 |								| 3 15 12 16 5 5 2 
[9]		1 |								| 3 3 1 3 
[8]		3 |^	17 14 12 11 17 	^| 
[7]		0 |								| 12 8 13 15 
[6]		1 |								| 
[5]		0 |								| 15 16 15 11 8 
[4]		2 |								| 
[3]		2 |								| 7 5 7 
[2]		1 |								| 
[1]		2 |								| 


******** STEP 38 ********
[18]		1 |								| 
[17]		2 |								| 5 5 16 14 15 
[16]		2 |								| 15 
[15]		1 |								| 
[14]		0 |								| 5 13 12 6 5 10 11 
[13]		2 |								| 2 9 5 
[12]		2 |								| 
[11]		2 |^	17 14 12 17 	^| 18 
[10]		1 |								| 3 15 12 16 5 5 2 
[9]		1 |								| 3 3 1 3 
[8]		3 |								| 
[7]		0 |								| 12 8 13 15 
[6]		1 |								| 
[5]		0 |								| 15 16 15 11 8 
[4]		2 |								| 
[3]		2 |								| 7 5 7 
[2]		1 |								| 
[1]		2 |								| 


******** STEP 39 ********
[18]		1 |								| 
[17]		2 |								| 5 5 16 14 15 
[16]		2 |								| 15 
[15]		1 |								| 
[14]		0 |								| 5 13 12 6 5 10 11 
[13]		2 |								| 2 9 5 
[12]		2 |								| 
[11]		2 |^	17 14 12 17 18 	^| 
[10]		1 |								| 3 15 12 16 5 5 2 
[9]		1 |								| 3 3 1 3 
[8]		3 |								| 
[7]		0 |								| 12 8 13 15 
[6]		1 |								| 
[5]		0 |								| 15 16 15 11 8 
[4]		2 |								| 
[3]		2 |								| 7 5 7 
[2]		1 |								| 
[1]		2 |								| 


******** STEP 40 ********
[18]		1 |								| 
[17]		2 |								| 5 5 16 14 15 
[16]		2 |								| 15 
[15]		1 |								| 
[14]		0 |								| 5 13 12 6 5 10 11 
[13]		2 |								| 2 9 5 
[12]		3 |^	17 14 17 18 	^| 
[11]		2 |								| 
[10]		1 |								| 3 15 12 16 5 5 2 
[9]		1 |								| 3 3 1 3 
[8]		3 |								| 
[7]		0 |								| 12 8 13 15 
[6]		1 |								| 
[5]		0 |								| 15 16 15 11 8 
[4]		2 |								| 
[3]		2 |								| 7 5 7 
[2]		1 |								| 
[1]		2 |								| 


******** STEP 41 ********
[18]		1 |								| 
[17]		2 |								| 5 5 16 14 15 
[16]		2 |								| 15 
[15]		1 |								| 
[14]		1 |^	17 17 18 	^| 5 13 12 6 5 10 11 
[13]		2 |								| 2 9 5 
[12]		3 |								| 
[11]		2 |								| 
[10]		1 |								| 3 15 12 16 5 5 2 
[9]		1 |								| 3 3 1 3 
[8]		3 |								| 
[7]		0 |								| 12 8 13 15 
[6]		1 |								| 
[5]		0 |								| 15 16 15 11 8 
[4]		2 |								| 
[3]		2 |								| 7 5 7 
[2]		1 |								| 
[1]		2 |								| 


******** STEP 42 ********
[18]		1 |								| 
[17]		4 |^	18 	^| 5 5 16 14 15 
[16]		2 |								| 15 
[15]		1 |								| 
[14]		1 |								| 5 13 12 6 5 10 11 
[13]		2 |								| 2 9 5 
[12]		3 |								| 
[11]		2 |								| 
[10]		1 |								| 3 15 12 16 5 5 2 
[9]		1 |								| 3 3 1 3 
[8]		3 |								| 
[7]		0 |								| 12 8 13 15 
[6]		1 |								| 
[5]		0 |								| 15 16 15 11 8 
[4]		2 |								| 
[3]		2 |								| 7 5 7 
[2]		1 |								| 
[1]		2 |								| 


******** STEP 43 ********
[18]		2 |^		^| 
[17]		4 |								| 5 5 16 14 15 
[16]		2 |								| 15 
[15]		1 |								| 
[14]		1 |								| 5 13 12 6 5 10 11 
[13]		2 |								| 2 9 5 
[12]		3 |								| 
[11]		2 |								| 
[10]		1 |								| 3 15 12 16 5 5 2 
[9]		1 |								| 3 3 1 3 
[8]		3 |								| 
[7]		0 |								| 12 8 13 15 
[6]		1 |								| 
[5]		0 |								| 15 16 15 11 8 
[4]		2 |								| 
[3]		2 |								| 7 5 7 
[2]		1 |								| 
[1]		2 |								| 


******** STEP 44 ********
[18]		2 |								| 
[17]		4 |v	5 5 14 15 16 	v| 
[16]		2 |								| 15 
[15]		1 |								| 
[14]		1 |								| 5 13 12 6 5 10 11 
[13]		2 |								| 2 9 5 
[12]		3 |								| 
[11]		2 |								| 
[10]		1 |								| 3 15 12 16 5 5 2 
[9]		1 |								| 3 3 1 3 
[8]		3 |								| 
[7]		0 |								| 12 8 13 15 
[6]		1 |								| 
[5]		0 |								| 15 16 15 11 8 
[4]		2 |								| 
[3]		2 |								| 7 5 7 
[2]		1 |								| 
[1]		2 |								| 


******** STEP 45 ********
[18]		2 |								| 
[17]		4 |								| 
[16]		3 |v	5 5 14 15 	v| 15 
[15]		1 |								| 
[14]		1 |								| 5 13 12 6 5 10 11 
[13]		2 |								| 2 9 5 
[12]		3 |								| 
[11]		2 |								| 
[10]		1 |								| 3 15 12 16 5 5 2 
[9]		1 |								| 3 3 1 3 
[8]		3 |								| 
[7]		0 |								| 12 8 13 15 
[6]		1 |								| 
[5]		0 |								| 15 16 15 11 8 
[4]		2 |								| 
[3]		2 |								| 7 5 7 
[2]		1 |								| 
[1]		2 |								| 


******** STEP 46 ********
[18]		2 |								| 
[17]		4 |								| 
[16]		3 |v	5 5 14 15 15 	v| 
[15]		1 |								| 
[14]		1 |								| 5 13 12 6 5 10 11 
[13]		2 |								| 2 9 5 
[12]		3 |								| 
[11]		2 |								| 
[10]		1 |								| 3 15 12 16 5 5 2 
[9]		1 |								| 3 3 1 3 
[8]		3 |								| 
[7]		0 |								| 12 8 13 15 
[6]		1 |								| 
[5]		0 |								| 15 16 15 11 8 
[4]		2 |								| 
[3]		2 |								| 7 5 7 
[2]		1 |								| 
[1]		2 |								| 


******** STEP 47 ********
[18]		2 |								| 
[17]		4 |								| 
[16]		3 |								| 
[15]		3 |v	5 5 14 	v| 
[14]		1 |								| 5 13 12 6 5 10 11 
[13]		2 |								| 2 9 5 
[12]		3 |								| 
[11]		2 |								| 
[10]		1 |								| 3 15 12 16 5 5 2 
[9]		1 |								| 3 3 1 3 
[8]		3 |								| 
[7]		0 |								| 12 8 13 15 
[6]		1 |								| 
[5]		0 |								| 15 16 15 11 8 
[4]		2 |								| 
[3]		2 |								| 7 5 7 
[2]		1 |								| 
[1]		2 |								| 


******** STEP 48 ********
[18]		2 |								| 
[17]		4 |								| 
[16]		3 |								| 
[15]		3 |								| 
[14]		2 |v	5 5 	v| 5 13 12 6 5 10 11 
[13]		2 |								| 2 9 5 
[12]		3 |								| 
[11]		2 |								| 
[10]		1 |								| 3 15 12 16 5 5 2 
[9]		1 |								| 3 3 1 3 
[8]		3 |								| 
[7]		0 |								| 12 8 13 15 
[6]		1 |								| 
[5]		0 |								| 15 16 15 11 8 
[4]		2 |								| 
[3]		2 |								| 7 5 7 
[2]		1 |								| 
[1]		2 |								| 


******** STEP 49 ********
[18]		2 |								| 
[17]		4 |								| 
[16]		3 |								| 
[15]		3 |								| 
[14]		2 |v	5 5 5 5 6 	v| 13 12 10 11 
[13]		2 |								| 2 9 5 
[12]		3 |								| 
[11]		2 |								| 
[10]		1 |								| 3 15 12 16 5 5 2 
[9]		1 |								| 3 3 1 3 
[8]		3 |								| 
[7]		0 |								| 12 8 13 15 
[6]		1 |								| 
[5]		0 |								| 15 16 15 11 8 
[4]		2 |								| 
[3]		2 |								| 7 5 7 
[2]		1 |								| 
[1]		2 |								| 


******** STEP 50 ********
[18]		2 |								| 
[17]		4 |								| 
[16]		3 |								| 
[15]		3 |								| 
[14]		2 |								| 13 12 10 11 
[13]		2 |								| 2 9 5 
[12]		3 |								| 
[11]		2 |								| 
[10]		1 |								| 3 15 12 16 5 5 2 
[9]		1 |								| 3 3 1 3 
[8]		3 |								| 
[7]		0 |								| 12 8 13 15 
[6]		2 |v	5 5 5 5 	v| 
[5]		0 |								| 15 16 15 11 8 
[4]		2 |								| 
[3]		2 |								| 7 5 7 
[2]		1 |								| 
[1]		2 |								| 


******** STEP 51 ********
[18]		2 |								| 
[17]		4 |								| 
[16]		3 |								| 
[15]		3 |								| 
[14]		2 |								| 13 12 10 11 
[13]		2 |								| 2 9 5 
[12]		3 |								| 
[11]		2 |								| 
[10]		1 |								| 3 15 12 16 5 5 2 
[9]		1 |								| 3 3 1 3 
[8]		3 |								| 
[7]		0 |								| 12 8 13 15 
[6]		2 |								| 
[5]		4 |v		v| 15 16 15 11 8 
[4]		2 |								| 
[3]		2 |								| 7 5 7 
[2]		1 |								| 
[1]		2 |								| 


******** STEP 52 ********
[18]		2 |								| 
[17]		4 |								| 
[16]		3 |								| 
[15]		3 |								| 
[14]		2 |								| 13 12 10 11 
[13]		2 |								| 2 9 5 
[12]		3 |								| 
[11]		2 |								| 
[10]		1 |								| 3 15 12 16 5 5 2 
[9]		1 |								| 3 3 1 3 
[8]		3 |								| 
[7]		0 |								| 12 8 13 15 
[6]		2 |								| 
[5]		4 |v	16 15 15 11 8 	v| 
[4]		2 |								| 
[3]		2 |								| 7 5 7 
[2]		1 |								| 
[1]		2 |								| 


******** STEP 53 ********
[18]		2 |								| 
[17]		4 |								| 
[16]		3 |								| 
[15]		3 |								| 
[14]		2 |								| 13 12 10 11 
[13]		2 |								| 2 9 5 
[12]		3 |								| 
[11]		2 |								| 
[10]		1 |								| 3 15 12 16 5 5 2 
[9]		1 |								| 3 3 1 3 
[8]		4 |^	16 15 15 11 	^| 
[7]		0 |								| 12 8 13 15 
[6]		2 |								| 
[5]		4 |								| 
[4]		2 |								| 
[3]		2 |								| 7 5 7 
[2]		1 |								| 
[1]		2 |								| 


******** STEP 54 ********
[18]		2 |								| 
[17]		4 |								| 
[16]		3 |								| 
[15]		3 |								| 
[14]		2 |								| 13 12 10 11 
[13]		2 |								| 2 9 5 
[12]		3 |								| 
[11]		2 |								| 
[10]		1 |^	16 15 15 11 16 	^| 3 15 12 5 5 2 
[9]		1 |								| 3 3 1 3 
[8]		4 |								| 
[7]		0 |								| 12 8 13 15 
[6]		2 |								| 
[5]		4 |								| 
[4]		2 |								| 
[3]		2 |								| 7 5 7 
[2]		1 |								| 
[1]		2 |								| 


******** STEP 55 ********
[18]		2 |								| 
[17]		4 |								| 
[16]		3 |								| 
[15]		3 |								| 
[14]		2 |								| 13 12 10 11 
[13]		2 |								| 2 9 5 
[12]		3 |								| 
[11]		3 |^	16 15 15 16 	^| 
[10]		1 |								| 3 15 12 5 5 2 
[9]		1 |								| 3 3 1 3 
[8]		4 |								| 
[7]		0 |								| 12 8 13 15 
[6]		2 |								| 
[5]		4 |								| 
[4]		2 |								| 
[3]		2 |								| 7 5 7 
[2]		1 |								| 
[1]		2 |								| 


******** STEP 56 ********
[18]		2 |								| 
[17]		4 |								| 
[16]		3 |								| 
[15]		5 |^	16 16 	^| 
[14]		2 |								| 13 12 10 11 
[13]		2 |								| 2 9 5 
[12]		3 |								| 
[11]		3 |								| 
[10]		1 |								| 3 15 12 5 5 2 
[9]		1 |								| 3 3 1 3 
[8]		4 |								| 
[7]		0 |								| 12 8 13 15 
[6]		2 |								| 
[5]		4 |								| 
[4]		2 |								| 
[3]		2 |								| 7 5 7 
[2]		1 |								| 
[1]		2 |								| 


******** STEP 57 ********
[18]		2 |								| 
[17]		4 |								| 
[16]		5 |^		^| 
[15]		5 |								| 
[14]		2 |								| 13 12 10 11 
[13]		2 |								| 2 9 5 
[12]		3 |								| 
[11]		3 |								| 
[10]		1 |								| 3 15 12 5 5 2 
[9]		1 |								| 3 3 1 3 
[8]		4 |								| 
[7]		0 |								| 12 8 13 15 
[6]		2 |								| 
[5]		4 |								| 
[4]		2 |								| 
[3]		2 |								| 7 5 7 
[2]		1 |								| 
[1]		2 |								| 


******** STEP 58 ********
[18]		2 |								| 
[17]		4 |								| 
[16]		5 |								| 
[15]		5 |								| 
[14]		2 |v	10 11 12 13 	v| 
[13]		2 |								| 2 9 5 
[12]		3 |								| 
[11]		3 |								| 
[10]		1 |								| 3 15 12 5 5 2 
[9]		1 |								| 3 3 1 3 
[8]		4 |								| 
[7]		0 |								| 12 8 13 15 
[6]		2 |								| 
[5]		4 |								| 
[4]		2 |								| 
[3]		2 |								| 7 5 7 
[2]		1 |								| 
[1]		2 |								| 


******** STEP 59 ********
[18]		2 |								| 
[17]		4 |								| 
[16]		5 |								| 
[15]		5 |								| 
[14]		2 |								| 
[13]		3 |v	10 11 12 	v| 2 9 5 
[12]		3 |								| 
[11]		3 |								| 
[10]		1 |								| 3 15 12 5 5 2 
[9]		1 |								| 3 3 1 3 
[8]		4 |								| 
[7]		0 |								| 12 8 13 15 
[6]		2 |								| 
[5]		4 |								| 
[4]		2 |								| 
[3]		2 |								| 7 5 7 
[2]		1 |								| 
[1]		2 |								| 


******** STEP 60 ********
[18]		2 |								| 
[17]		4 |								| 
[16]		5 |								| 
[15]		5 |								| 
[14]		2 |								| 
[13]		3 |v	10 11 12 2 5 	v| 9 
[12]		3 |								| 
[11]		3 |								| 
[10]		1 |								| 3 15 12 5 5 2 
[9]		1 |								| 3 3 1 3 
[8]		4 |								| 
[7]		0 |								| 12 8 13 15 
[6]		2 |								| 
[5]		4 |								| 
[4]		2 |								| 
[3]		2 |								| 7 5 7 
[2]		1 |								| 
[1]		2 |								| 


******** STEP 61 ********
[18]		2 |								| 
[17]		4 |								| 
[16]		5 |								| 
[15]		5 |								| 
[14]		2 |								| 
[13]		3 |								| 9 
[12]		4 |v	10 11 2 5 	v| 
[11]		3 |								| 
[10]		1 |								| 3 15 12 5 5 2 
[9]		1 |								| 3 3 1 3 
[8]		4 |								| 
[7]		0 |								| 12 8 13 15 
[6]		2 |								| 
[5]		4 |								| 
[4]		2 |								| 
[3]		2 |								| 7 5 7 
[2]		1 |								| 
[1]		2 |								| 


******** STEP 62 ********
[18]		2 |								| 
[17]		4 |								| 
[16]		5 |								| 
[15]		5 |								| 
[14]		2 |								| 
[13]		3 |								| 9 
[12]		4 |								| 
[11]		4 |v	10 2 5 	v| 
[10]		1 |								| 3 15 12 5 5 2 
[9]		1 |								| 3 3 1 3 
[8]		4 |								| 
[7]		0 |								| 12 8 13 15 
[6]		2 |								| 
[5]		4 |								| 
[4]		2 |								| 
[3]		2 |								| 7 5 7 
[2]		1 |								| 
[1]		2 |								| 


******** STEP 63 ********
[18]		2 |								| 
[17]		4 |								| 
[16]		5 |								| 
[15]		5 |								| 
[14]		2 |								| 
[13]		3 |								| 9 
[12]		4 |								| 
[11]		4 |								| 
[10]		2 |v	2 5 	v| 3 15 12 5 5 2 
[9]		1 |								| 3 3 1 3 
[8]		4 |								| 
[7]		0 |								| 12 8 13 15 
[6]		2 |								| 
[5]		4 |								| 
[4]		2 |								| 
[3]		2 |								| 7 5 7 
[2]		1 |								| 
[1]		2 |								| 


******** STEP 64 ********
[18]		2 |								| 
[17]		4 |								| 
[16]		5 |								| 
[15]		5 |								| 
[14]		2 |								| 
[13]		3 |								| 9 
[12]		4 |								| 
[11]		4 |								| 
[10]		2 |v	2 5 2 3 5 	v| 15 12 5 
[9]		1 |								| 3 3 1 3 
[8]		4 |								| 
[7]		0 |								| 12 8 13 15 
[6]		2 |								| 
[5]		4 |								| 
[4]		2 |								| 
[3]		2 |								| 7 5 7 
[2]		1 |								| 
[1]		2 |								| 


******** STEP 65 ********
[18]		2 |								| 
[17]		4 |								| 
[16]		5 |								| 
[15]		5 |								| 
[14]		2 |								| 
[13]		3 |								| 9 
[12]		4 |								| 
[11]		4 |								| 
[10]		2 |								| 15 12 5 
[9]		1 |								| 3 3 1 3 
[8]		4 |								| 
[7]		0 |								| 12 8 13 15 
[6]		2 |								| 
[5]		6 |v	2 2 3 	v| 
[4]		2 |								| 
[3]		2 |								| 7 5 7 
[2]		1 |								| 
[1]		2 |								| 


******** STEP 66 ********
[18]		2 |								| 
[17]		4 |								| 
[16]		5 |								| 
[15]		5 |								| 
[14]		2 |								| 
[13]		3 |								| 9 
[12]		4 |								| 
[11]		4 |								| 
[10]		2 |								| 15 12 5 
[9]		1 |								| 3 3 1 3 
[8]		4 |								| 
[7]		0 |								| 12 8 13 15 
[6]		2 |								| 
[5]		6 |								| 
[4]		2 |								| 
[3]		3 |v	2 2 	v| 7 5 7 
[2]		1 |								| 
[1]		2 |								| 


******** STEP 67 ********
[18]		2 |								| 
[17]		4 |								| 
[16]		5 |								| 
[15]		5 |								| 
[14]		2 |								| 
[13]		3 |								| 9 
[12]		4 |								| 
[11]		4 |								| 
[10]		2 |								| 15 12 5 
[9]		1 |								| 3 3 1 3 
[8]		4 |								| 
[7]		0 |								| 12 8 13 15 
[6]		2 |								| 
[5]		6 |								| 
[4]		2 |								| 
[3]		3 |								| 7 5 7 
[2]		3 |v		v| 
[1]		2 |								| 


******** STEP 68 ********
[18]		2 |								| 
[17]		4 |								| 
[16]		5 |								| 
[15]		5 |								| 
[14]		2 |								| 
[13]		3 |								| 9 
[12]		4 |								| 
[11]		4 |								| 
[10]		2 |								| 15 12 5 
[9]		1 |								| 3 3 1 3 
[8]		4 |								| 
[7]		0 |								| 12 8 13 15 
[6]		2 |								| 
[5]		6 |								| 
[4]		2 |								| 
[3]		3 |^	7 7 5 	^| 
[2]		3 |								| 
[1]		2 |								| 


******** STEP 69 ********
[18]		2 |								| 
[17]		4 |								| 
[16]		5 |								| 
[15]		5 |								| 
[14]		2 |								| 
[13]		3 |								| 9 
[12]		4 |								| 
[11]		4 |								| 
[10]		2 |								| 15 12 5 
[9]		1 |								| 3 3 1 3 
[8]		4 |								| 
[7]		0 |								| 12 8 13 15 
[6]		2 |								| 
[5]		7 |^	7 7 	^| 
[4]		2 |								| 
[3]		3 |								| 
[2]		3 |								| 
[1]		2 |								| 


******** STEP 70 ********
[18]		2 |								| 
[17]		4 |								| 
[16]		5 |								| 
[15]		5 |								| 
[14]		2 |								| 
[13]		3 |								| 9 
[12]		4 |								| 
[11]		4 |								| 
[10]		2 |								| 15 12 5 
[9]		1 |								| 3 3 1 3 
[8]		4 |								| 
[7]		2 |^		^| 12 8 13 15 
[6]		2 |								| 
[5]		7 |								| 
[4]		2 |								| 
[3]		3 |								| 
[2]		3 |								| 
[1]		2 |								| 


******** STEP 71 ********
[18]		2 |								| 
[17]		4 |								| 
[16]		5 |								| 
[15]		5 |								| 
[14]		2 |								| 
[13]		3 |								| 9 
[12]		4 |								| 
[11]		4 |								| 
[10]		2 |								| 15 12 5 
[9]		1 |								| 3 3 1 3 
[8]		4 |								| 
[7]		2 |^	15 13 12 8 	^| 
[6]		2 |								| 
[5]		7 |								| 
[4]		2 |								| 
[3]		3 |								| 
[2]		3 |								| 
[1]		2 |								| 


******** STEP 72 ********
[18]		2 |								| 
[17]		4 |								| 
[16]		5 |								| 
[15]		5 |								| 
[14]		2 |								| 
[13]		3 |								| 9 
[12]		4 |								| 
[11]		4 |								| 
[10]		2 |								| 15 12 5 
[9]		1 |								| 3 3 1 3 
[8]		5 |^	15 13 12 	^| 
[7]		2 |								| 
[6]		2 |								| 
[5]		7 |								| 
[4]		2 |								| 
[3]		3 |								| 
[2]		3 |								| 
[1]		2 |								| 


******** STEP 73 ********
[18]		2 |								| 
[17]		4 |								| 
[16]		5 |								| 
[15]		5 |								| 
[14]		2 |								| 
[13]		3 |								| 9 
[12]		4 |								| 
[11]		4 |								| 
[10]		2 |^	15 13 12 15 12 	^| 5 
[9]		1 |								| 3 3 1 3 
[8]		5 |								| 
[7]		2 |								| 
[6]		2 |								| 
[5]		7 |								| 
[4]		2 |								| 
[3]		3 |								| 
[2]		3 |								| 
[1]		2 |								| 


******** STEP 74 ********
[18]		2 |								| 
[17]		4 |								| 
[16]		5 |								| 
[15]		5 |								| 
[14]		2 |								| 
[13]		3 |								| 9 
[12]		6 |^	15 13 15 	^| 
[11]		4 |								| 
[10]		2 |								| 5 
[9]		1 |								| 3 3 1 3 
[8]		5 |								| 
[7]		2 |								| 
[6]		2 |								| 
[5]		7 |								| 
[4]		2 |								| 
[3]		3 |								| 
[2]		3 |								| 
[1]		2 |								| 


******** STEP 75 ********
[18]		2 |								| 
[17]		4 |								| 
[16]		5 |								| 
[15]		5 |								| 
[14]		2 |								| 
[13]		4 |^	15 15 	^| 9 
[12]		6 |								| 
[11]		4 |								| 
[10]		2 |								| 5 
[9]		1 |								| 3 3 1 3 
[8]		5 |								| 
[7]		2 |								| 
[6]		2 |								| 
[5]		7 |								| 
[4]		2 |								| 
[3]		3 |								| 
[2]		3 |								| 
[1]		2 |								| 


******** STEP 76 ********
[18]		2 |								| 
[17]		4 |								| 
[16]		5 |								| 
[15]		7 |^		^| 
[14]		2 |								| 
[13]		4 |								| 9 
[12]		6 |								| 
[11]		4 |								| 
[10]		2 |								| 5 
[9]		1 |								| 3 3 1 3 
[8]		5 |								| 
[7]		2 |								| 
[6]		2 |								| 
[5]		7 |								| 
[4]		2 |								| 
[3]		3 |								| 
[2]		3 |								| 
[1]		2 |								| 


******** STEP 77 ********
[18]		2 |								| 
[17]		4 |								| 
[16]		5 |								| 
[15]		7 |								| 
[14]		2 |								| 
[13]		4 |v	9 	v| 
[12]		6 |								| 
[11]		4 |								| 
[10]		2 |								| 5 
[9]		1 |								| 3 3 1 3 
[8]		5 |								| 
[7]		2 |								| 
[6]		2 |								| 
[5]		7 |								| 
[4]		2 |								| 
[3]		3 |								| 
[2]		3 |								| 
[1]		2 |								| 


******** STEP 78 ********
[18]		2 |								| 
[17]		4 |								| 
[16]		5 |								| 
[15]		7 |								| 
[14]		2 |								| 
[13]		4 |								| 
[12]		6 |								| 
[11]		4 |								| 
[10]		2 |v	9 5 	v| 
[9]		1 |								| 3 3 1 3 
[8]		5 |								| 
[7]		2 |								| 
[6]		2 |								| 
[5]		7 |								| 
[4]		2 |								| 
[3]		3 |								| 
[2]		3 |								| 
[1]		2 |								| 


******** STEP 79 ********
[18]		2 |								| 
[17]		4 |								| 
[16]		5 |								| 
[15]		7 |								| 
[14]		2 |								| 
[13]		4 |								| 
[12]		6 |								| 
[11]		4 |								| 
[10]		2 |								| 
[9]		2 |v	5 	v| 3 3 1 3 
[8]		5 |								| 
[7]		2 |								| 
[6]		2 |								| 
[5]		7 |								| 
[4]		2 |								| 
[3]		3 |								| 
[2]		3 |								| 
[1]		2 |								| 


******** STEP 80 ********
[18]		2 |								| 
[17]		4 |								| 
[16]		5 |								| 
[15]		7 |								| 
[14]		2 |								| 
[13]		4 |								| 
[12]		6 |								| 
[11]		4 |								| 
[10]		2 |								| 
[9]		2 |v	5 1 3 3 3 	v| 
[8]		5 |								| 
[7]		2 |								| 
[6]		2 |								| 
[5]		7 |								| 
[4]		2 |								| 
[3]		3 |								| 
[2]		3 |								| 
[1]		2 |								| 


******** STEP 81 ********
[18]		2 |								| 
[17]		4 |								| 
[16]		5 |								| 
[15]		7 |								| 
[14]		2 |								| 
[13]		4 |								| 
[12]		6 |								| 
[11]		4 |								| 
[10]		2 |								| 
[9]		2 |								| 
[8]		5 |								| 
[7]		2 |								| 
[6]		2 |								| 
[5]		8 |v	1 3 3 3 	v| 
[4]		2 |								| 
[3]		3 |								| 
[2]		3 |								| 
[1]		2 |								| 


******** STEP 82 ********
[18]		2 |								| 
[17]		4 |								| 
[16]		5 |								| 
[15]		7 |								| 
[14]		2 |								| 
[13]		4 |								| 
[12]		6 |								| 
[11]		4 |								| 
[10]		2 |								| 
[9]		2 |								| 
[8]		5 |								| 
[7]		2 |								| 
[6]		2 |								| 
[5]		8 |								| 
[4]		2 |								| 
[3]		6 |v	1 	v| 
[2]		3 |								| 
[1]		2 |								| 


******** STEP 83 ********
[18]		2 |								| 
[17]		4 |								| 
[16]		5 |								| 
[15]		7 |								| 
[14]		2 |								| 
[13]		4 |								| 
[12]		6 |								| 
[11]		4 |								| 
[10]		2 |								| 
[9]		2 |								| 
[8]		5 |								| 
[7]		2 |								| 
[6]		2 |								| 
[5]		8 |								| 
[4]		2 |								| 
[3]		6 |								| 
[2]		3 |								| 
[1]		3 |v		v| 


