Building: 17 floors. Lift capacity: 5
******** STEP 0 ********
[17]		0 |								| 16 7 14 
[16]		0 |								| 6 1 14 5 14 3 17 10 5 17 
[15]		0 |								| 14 7 2 11 4 
[14]		0 |								| 17 7 9 6 16 4 5 
[13]		0 |								| 1 
[12]		0 |								| 4 7 6 3 6 9 10 
[11]		0 |								| 14 9 12 3 9 14 17 15 13 1 
[10]		0 |								| 4 6 14 7 7 5 7 
[9]		0 |								| 12 16 16 16 5 16 15 
[8]		0 |								| 17 
[7]		0 |								| 12 14 
[6]		0 |								| 
[5]		0 |								| 3 7 14 16 7 17 17 12 
[4]		0 |								| 1 7 11 
[3]		0 |								| 1 16 6 13 
[2]		0 |								| 4 1 1 
[1]		0 |v		v| 5 


******** STEP 1 ********
[17]		0 |								| 16 7 14 
[16]		0 |								| 6 1 14 5 14 3 17 10 5 17 
[15]		0 |								| 14 7 2 11 4 
[14]		0 |								| 17 7 9 6 16 4 5 
[13]		0 |								| 1 
[12]		0 |								| 4 7 6 3 6 9 10 
[11]		0 |								| 14 9 12 3 9 14 17 15 13 1 
[10]		0 |								| 4 6 14 7 7 5 7 
[9]		0 |								| 12 16 16 16 5 16 15 
[8]		0 |								| 17 
[7]		0 |								| 12 14 
[6]		0 |								| 
[5]		0 |								| 3 7 14 16 7 17 17 12 
[4]		0 |								| 1 7 11 
[3]		0 |								| 1 16 6 13 
[2]		0 |								| 4 1 1 
[1]		0 |^	5 	^| 


******** STEP 2 ********
[17]		0 |								| 16 7 14 
[16]		0 |								| 6 1 14 5 14 3 17 10 5 17 
[15]		0 |								| 14 7 2 11 4 
[14]		0 |								| 17 7 9 6 16 4 5 
[13]		0 |								| 1 
[12]		0 |								| 4 7 6 3 6 9 10 
[11]		0 |								| 14 9 12 3 9 14 17 15 13 1 
[10]		0 |								| 4 6 14 7 7 5 7 
[9]		0 |								| 12 16 16 16 5 16 15 
[8]		0 |								| 17 
[7]		0 |								| 12 14 
[6]		0 |								| 
[5]		0 |								| 3 7 14 16 7 17 17 12 
[4]		0 |								| 1 7 11 
[3]		0 |								| 1 16 6 13 
[2]		0 |^	5 4 	^| 1 1 
[1]		0 |								| 


******** STEP 3 ********
[17]		0 |								| 16 7 14 
[16]		0 |								| 6 1 14 5 14 3 17 10 5 17 
[15]		0 |								| 14 7 2 11 4 
[14]		0 |								| 17 7 9 6 16 4 5 
[13]		0 |								| 1 
[12]		0 |								| 4 7 6 3 6 9 10 
[11]		0 |								| 14 9 12 3 9 14 17 15 13 1 
[10]		0 |								| 4 6 14 7 7 5 7 
[9]		0 |								| 12 16 16 16 5 16 15 
[8]		0 |								| 17 
[7]		0 |								| 12 14 
[6]		0 |								| 
[5]		0 |								| 3 7 14 16 7 17 17 12 
[4]		0 |								| 1 7 11 
[3]		0 |^	5 4 16 13 6 	^| 1 
[2]		0 |								| 1 1 
[1]		0 |								| 


******** STEP 4 ********
[17]		0 |								| 16 7 14 
[16]		0 |								| 6 1 14 5 14 3 17 10 5 17 
[15]		0 |								| 14 7 2 11 4 
[14]		0 |								| 17 7 9 6 16 4 5 
[13]		0 |								| 1 
[12]		0 |								| 4 7 6 3 6 9 10 
[11]		0 |								| 14 9 12 3 9 14 17 15 13 1 
[10]		0 |								| 4 6 14 7 7 5 7 
[9]		0 |								| 12 16 16 16 5 16 15 
[8]		0 |								| 17 
[7]		0 |								| 12 14 
[6]		0 |								| 
[5]		0 |								| 3 7 14 16 7 17 17 12 
[4]		1 |^	5 16 13 6 	^| 1 7 11 
[3]		0 |								| 1 
[2]		0 |								| 1 1 
[1]		0 |								| 


******** STEP 5 ********
[17]		0 |								| 16 7 14 
[16]		0 |								| 6 1 14 5 14 3 17 10 5 17 
[15]		0 |								| 14 7 2 11 4 
[14]		0 |								| 17 7 9 6 16 4 5 
[13]		0 |								| 1 
[12]		0 |								| 4 7 6 3 6 9 10 
[11]		0 |								| 14 9 12 3 9 14 17 15 13 1 
[10]		0 |								| 4 6 14 7 7 5 7 
[9]		0 |								| 12 16 16 16 5 16 15 
[8]		0 |								| 17 
[7]		0 |								| 12 14 
[6]		0 |								| 
[5]		0 |								| 3 7 14 16 7 17 17 12 
[4]		1 |^	5 16 13 6 11 	^| 1 7 
[3]		0 |								| 1 
[2]		0 |								| 1 1 
[1]		0 |								| 


******** STEP 6 ********
[17]		0 |								| 16 7 14 
[16]		0 |								| 6 1 14 5 14 3 17 10 5 17 
[15]		0 |								| 14 7 2 11 4 
[14]		0 |								| 17 7 9 6 16 4 5 
[13]		0 |								| 1 
[12]		0 |								| 4 7 6 3 6 9 10 
[11]		0 |								| 14 9 12 3 9 14 17 15 13 1 
[10]		0 |								| 4 6 14 7 7 5 7 
[9]		0 |								| 12 16 16 16 5 16 15 
[8]		0 |								| 17 
[7]		0 |								| 12 14 
[6]		0 |								| 
[5]		1 |^	16 13 6 11 	^| 3 7 14 16 7 17 17 12 
[4]		1 |								| 1 7 
[3]		0 |								| 1 
[2]		0 |								| 1 1 
[1]		0 |								| 


******** STEP 7 ********
[17]		0 |								| 16 7 14 
[16]		0 |								| 6 1 14 5 14 3 17 10 5 17 
[15]		0 |								| 14 7 2 11 4 
[14]		0 |								| 17 7 9 6 16 4 5 
[13]		0 |								| 1 
[12]		0 |								| 4 7 6 3 6 9 10 
[11]		0 |								| 14 9 12 3 9 14 17 15 13 1 
[10]		0 |								| 4 6 14 7 7 5 7 
[9]		0 |								| 12 16 16 16 5 16 15 
[8]		0 |								| 17 
[7]		0 |								| 12 14 
[6]		0 |								| 
[5]		1 |^	16 13 6 11 17 	^| 3 7 14 16 7 17 12 
[4]		1 |								| 1 7 
[3]		0 |								| 1 
[2]		0 |								| 1 1 
[1]		0 |								| 


******** STEP 8 ********
[17]		0 |								| 16 7 14 
[16]		0 |								| 6 1 14 5 14 3 17 10 5 17 
[15]		0 |								| 14 7 2 11 4 
[14]		0 |								| 17 7 9 6 16 4 5 
[13]		0 |								| 1 
[12]		0 |								| 4 7 6 3 6 9 10 
[11]		0 |								| 14 9 12 3 9 14 17 15 13 1 
[10]		0 |								| 4 6 14 7 7 5 7 
[9]		0 |								| 12 16 16 16 5 16 15 
[8]		0 |								| 17 
[7]		0 |								| 12 14 
[6]		1 |^	16 13 11 17 	^| 
[5]		1 |								| 3 7 14 16 7 17 12 
[4]		1 |								| 1 7 
[3]		0 |								| 1 
[2]		0 |								| 1 1 
[1]		0 |								| 


******** STEP 9 ********
[17]		0 |								| 16 7 14 
[16]		0 |								| 6 1 14 5 14 3 17 10 5 17 
[15]		0 |								| 14 7 2 11 4 
[14]		0 |								| 17 7 9 6 16 4 5 
[13]		0 |								| 1 
[12]		0 |								| 4 7 6 3 6 9 10 
[11]		0 |								| 14 9 12 3 9 14 17 15 13 1 
[10]		0 |								| 4 6 14 7 7 5 7 
[9]		0 |								| 12 16 16 16 5 16 15 
[8]		0 |								| 17 
[7]		0 |^	16 13 11 17 14 	^| 12 
[6]		1 |								| 
[5]		1 |								| 3 7 14 16 7 17 12 
[4]		1 |								| 1 7 
[3]		0 |								| 1 
[2]		0 |								| 1 1 
[1]		0 |								| 


******** STEP 10 ********
[17]		0 |								| 16 7 14 
[16]		0 |								| 6 1 14 5 14 3 17 10 5 17 
[15]		0 |								| 14 7 2 11 4 
[14]		0 |								| 17 7 9 6 16 4 5 
[13]		0 |								| 1 
[12]		0 |								| 4 7 6 3 6 9 10 
[11]		1 |^	16 13 17 14 	^| 14 9 12 3 9 14 17 15 13 1 
[10]		0 |								| 4 6 14 7 7 5 7 
[9]		0 |								| 12 16 16 16 5 16 15 
[8]		0 |								| 17 
[7]		0 |								| 12 
[6]		1 |								| 
[5]		1 |								| 3 7 14 16 7 17 12 
[4]		1 |								| 1 7 
[3]		0 |								| 1 
[2]		0 |								| 1 1 
[1]		0 |								| 


******** STEP 11 ********
[17]		0 |								| 16 7 14 
[16]		0 |								| 6 1 14 5 14 3 17 10 5 17 
[15]		0 |								| 14 7 2 11 4 
[14]		0 |								| 17 7 9 6 16 4 5 
[13]		0 |								| 1 
[12]		0 |								| 4 7 6 3 6 9 10 
[11]		1 |^	16 13 17 14 17 	^| 14 9 12 3 9 14 15 13 1 
[10]		0 |								| 4 6 14 7 7 5 7 
[9]		0 |								| 12 16 16 16 5 16 15 
[8]		0 |								| 17 
[7]		0 |								| 12 
[6]		1 |								| 
[5]		1 |								| 3 7 14 16 7 17 12 
[4]		1 |								| 1 7 
[3]		0 |								| 1 
[2]		0 |								| 1 1 
[1]		0 |								| 


******** STEP 12 ********
[17]		0 |								| 16 7 14 
[16]		0 |								| 6 1 14 5 14 3 17 10 5 17 
[15]		0 |								| 14 7 2 11 4 
[14]		0 |								| 17 7 9 6 16 4 5 
[13]		1 |^	16 17 14 17 	^| 1 
[12]		0 |								| 4 7 6 3 6 9 10 
[11]		1 |								| 14 9 12 3 9 14 15 13 1 
[10]		0 |								| 4 6 14 7 7 5 7 
[9]		0 |								| 12 16 16 16 5 16 15 
[8]		0 |								| 17 
[7]		0 |								| 12 
[6]		1 |								| 
[5]		1 |								| 3 7 14 16 7 17 12 
[4]		1 |								| 1 7 
[3]		0 |								| 1 
[2]		0 |								| 1 1 
[1]		0 |								| 


******** STEP 13 ********
[17]		0 |								| 16 7 14 
[16]		0 |								| 6 1 14 5 14 3 17 10 5 17 
[15]		0 |								| 14 7 2 11 4 
[14]		1 |^	16 17 17 	^| 17 7 9 6 16 4 5 
[13]		1 |								| 1 
[12]		0 |								| 4 7 6 3 6 9 10 
[11]		1 |								| 14 9 12 3 9 14 15 13 1 
[10]		0 |								| 4 6 14 7 7 5 7 
[9]		0 |								| 12 16 16 16 5 16 15 
[8]		0 |								| 17 
[7]		0 |								| 12 
[6]		1 |								| 
[5]		1 |								| 3 7 14 16 7 17 12 
[4]		1 |								| 1 7 
[3]		0 |								| 1 
[2]		0 |								| 1 1 
[1]		0 |								| 


******** STEP 14 ********
[17]		0 |								| 16 7 14 
[16]		0 |								| 6 1 14 5 14 3 17 10 5 17 
[15]		0 |								| 14 7 2 11 4 
[14]		1 |^	16 17 17 17 16 	^| 7 9 6 4 5 
[13]		1 |								| 1 
[12]		0 |								| 4 7 6 3 6 9 10 
[11]		1 |								| 14 9 12 3 9 14 15 13 1 
[10]		0 |								| 4 6 14 7 7 5 7 
[9]		0 |								| 12 16 16 16 5 16 15 
[8]		0 |								| 17 
[7]		0 |								| 12 
[6]		1 |								| 
[5]		1 |								| 3 7 14 16 7 17 12 
[4]		1 |								| 1 7 
[3]		0 |								| 1 
[2]		0 |								| 1 1 
[1]		0 |								| 


******** STEP 15 ********
[17]		0 |								| 16 7 14 
[16]		2 |^	17 17 17 	^| 6 1 14 5 14 3 17 10 5 17 
[15]		0 |								| 14 7 2 11 4 
[14]		1 |								| 7 9 6 4 5 
[13]		1 |								| 1 
[12]		0 |								| 4 7 6 3 6 9 10 
[11]		1 |								| 14 9 12 3 9 14 15 13 1 
[10]		0 |								| 4 6 14 7 7 5 7 
[9]		0 |								| 12 16 16 16 5 16 15 
[8]		0 |								| 17 
[7]		0 |								| 12 
[6]		1 |								| 
[5]		1 |								| 3 7 14 16 7 17 12 
[4]		1 |								| 1 7 
[3]		0 |								| 1 
[2]		0 |								| 1 1 
[1]		0 |								| 


******** STEP 16 ********
[17]		0 |								| 16 7 14 
[16]		2 |^	17 17 17 17 17 	^| 6 1 14 5 14 3 10 5 
[15]		0 |								| 14 7 2 11 4 
[14]		1 |								| 7 9 6 4 5 
[13]		1 |								| 1 
[12]		0 |								| 4 7 6 3 6 9 10 
[11]		1 |								| 14 9 12 3 9 14 15 13 1 
[10]		0 |								| 4 6 14 7 7 5 7 
[9]		0 |								| 12 16 16 16 5 16 15 
[8]		0 |								| 17 
[7]		0 |								| 12 
[6]		1 |								| 
[5]		1 |								| 3 7 14 16 7 17 12 
[4]		1 |								| 1 7 
[3]		0 |								| 1 
[2]		0 |								| 1 1 
[1]		0 |								| 


******** STEP 17 ********
[17]		5 |^		^| 16 7 14 
[16]		2 |								| 6 1 14 5 14 3 10 5 
[15]		0 |								| 14 7 2 11 4 
[14]		1 |								| 7 9 6 4 5 
[13]		1 |								| 1 
[12]		0 |								| 4 7 6 3 6 9 10 
[11]		1 |								| 14 9 12 3 9 14 15 13 1 
[10]		0 |								| 4 6 14 7 7 5 7 
[9]		0 |								| 12 16 16 16 5 16 15 
[8]		0 |								| 17 
[7]		0 |								| 12 
[6]		1 |								| 
[5]		1 |								| 3 7 14 16 7 17 12 
[4]		1 |								| 1 7 
[3]		0 |								| 1 
[2]		0 |								| 1 1 
[1]		0 |								| 


******** STEP 18 ********
[17]		5 |^	7 14 16 	^| 
[16]		2 |								| 6 1 14 5 14 3 10 5 
[15]		0 |								| 14 7 2 11 4 
[14]		1 |								| 7 9 6 4 5 
[13]		1 |								| 1 
[12]		0 |								| 4 7 6 3 6 9 10 
[11]		1 |								| 14 9 12 3 9 14 15 13 1 
[10]		0 |								| 4 6 14 7 7 5 7 
[9]		0 |								| 12 16 16 16 5 16 15 
[8]		0 |								| 17 
[7]		0 |								| 12 
[6]		1 |								| 
[5]		1 |								| 3 7 14 16 7 17 12 
[4]		1 |								| 1 7 
[3]		0 |								| 1 
[2]		0 |								| 1 1 
[1]		0 |								| 


******** STEP 19 ********
[17]		5 |								| 
[16]		3 |v	7 14 	v| 6 1 14 5 14 3 10 5 
[15]		0 |								| 14 7 2 11 4 
[14]		1 |								| 7 9 6 4 5 
[13]		1 |								| 1 
[12]		0 |								| 4 7 6 3 6 9 10 
[11]		1 |								| 14 9 12 3 9 14 15 13 1 
[10]		0 |								| 4 6 14 7 7 5 7 
[9]		0 |								| 12 16 16 16 5 16 15 
[8]		0 |								| 17 
[7]		0 |								| 12 
[6]		1 |								| 
[5]		1 |								| 3 7 14 16 7 17 12 
[4]		1 |								| 1 7 
[3]		0 |								| 1 
[2]		0 |								| 1 1 
[1]		0 |								| 


******** STEP 20 ********
[17]		5 |								| 
[16]		3 |v	7 14 1 3 5 	v| 6 14 14 10 5 
[15]		0 |								| 14 7 2 11 4 
[14]		1 |								| 7 9 6 4 5 
[13]		1 |								| 1 
[12]		0 |								| 4 7 6 3 6 9 10 
[11]		1 |								| 14 9 12 3 9 14 15 13 1 
[10]		0 |								| 4 6 14 7 7 5 7 
[9]		0 |								| 12 16 16 16 5 16 15 
[8]		0 |								| 17 
[7]		0 |								| 12 
[6]		1 |								| 
[5]		1 |								| 3 7 14 16 7 17 12 
[4]		1 |								| 1 7 
[3]		0 |								| 1 
[2]		0 |								| 1 1 
[1]		0 |								| 


******** STEP 21 ********
[17]		5 |								| 
[16]		3 |								| 6 14 14 10 5 
[15]		0 |								| 14 7 2 11 4 
[14]		2 |v	7 1 3 5 	v| 7 9 6 4 5 
[13]		1 |								| 1 
[12]		0 |								| 4 7 6 3 6 9 10 
[11]		1 |								| 14 9 12 3 9 14 15 13 1 
[10]		0 |								| 4 6 14 7 7 5 7 
[9]		0 |								| 12 16 16 16 5 16 15 
[8]		0 |								| 17 
[7]		0 |								| 12 
[6]		1 |								| 
[5]		1 |								| 3 7 14 16 7 17 12 
[4]		1 |								| 1 7 
[3]		0 |								| 1 
[2]		0 |								| 1 1 
[1]		0 |								| 


******** STEP 22 ********
[17]		5 |								| 
[16]		3 |								| 6 14 14 10 5 
[15]		0 |								| 14 7 2 11 4 
[14]		2 |v	7 1 3 5 4 	v| 7 9 6 5 
[13]		1 |								| 1 
[12]		0 |								| 4 7 6 3 6 9 10 
[11]		1 |								| 14 9 12 3 9 14 15 13 1 
[10]		0 |								| 4 6 14 7 7 5 7 
[9]		0 |								| 12 16 16 16 5 16 15 
[8]		0 |								| 17 
[7]		0 |								| 12 
[6]		1 |								| 
[5]		1 |								| 3 7 14 16 7 17 12 
[4]		1 |								| 1 7 
[3]		0 |								| 1 
[2]		0 |								| 1 1 
[1]		0 |								| 


******** STEP 23 ********
[17]		5 |								| 
[16]		3 |								| 6 14 14 10 5 
[15]		0 |								| 14 7 2 11 4 
[14]		2 |								| 7 9 6 5 
[13]		1 |								| 1 
[12]		0 |								| 4 7 6 3 6 9 10 
[11]		1 |								| 14 9 12 3 9 14 15 13 1 
[10]		0 |								| 4 6 14 7 7 5 7 
[9]		0 |								| 12 16 16 16 5 16 15 
[8]		0 |								| 17 
[7]		1 |v	1 3 5 4 	v| 12 
[6]		1 |								| 
[5]		1 |								| 3 7 14 16 7 17 12 
[4]		1 |								| 1 7 
[3]		0 |								| 1 
[2]		0 |								| 1 1 
[1]		0 |								| 


******** STEP 24 ********
[17]		5 |								| 
[16]		3 |								| 6 14 14 10 5 
[15]		0 |								| 14 7 2 11 4 
[14]		2 |								| 7 9 6 5 
[13]		1 |								| 1 
[12]		0 |								| 4 7 6 3 6 9 10 
[11]		1 |								| 14 9 12 3 9 14 15 13 1 
[10]		0 |								| 4 6 14 7 7 5 7 
[9]		0 |								| 12 16 16 16 5 16 15 
[8]		0 |								| 17 
[7]		1 |								| 12 
[6]		1 |								| 
[5]		2 |v	1 3 4 	v| 3 7 14 16 7 17 12 
[4]		1 |								| 1 7 
[3]		0 |								| 1 
[2]		0 |								| 1 1 
[1]		0 |								| 


******** STEP 25 ********
[17]		5 |								| 
[16]		3 |								| 6 14 14 10 5 
[15]		0 |								| 14 7 2 11 4 
[14]		2 |								| 7 9 6 5 
[13]		1 |								| 1 
[12]		0 |								| 4 7 6 3 6 9 10 
[11]		1 |								| 14 9 12 3 9 14 15 13 1 
[10]		0 |								| 4 6 14 7 7 5 7 
[9]		0 |								| 12 16 16 16 5 16 15 
[8]		0 |								| 17 
[7]		1 |								| 12 
[6]		1 |								| 
[5]		2 |v	1 3 4 3 	v| 7 14 16 7 17 12 
[4]		1 |								| 1 7 
[3]		0 |								| 1 
[2]		0 |								| 1 1 
[1]		0 |								| 


******** STEP 26 ********
[17]		5 |								| 
[16]		3 |								| 6 14 14 10 5 
[15]		0 |								| 14 7 2 11 4 
[14]		2 |								| 7 9 6 5 
[13]		1 |								| 1 
[12]		0 |								| 4 7 6 3 6 9 10 
[11]		1 |								| 14 9 12 3 9 14 15 13 1 
[10]		0 |								| 4 6 14 7 7 5 7 
[9]		0 |								| 12 16 16 16 5 16 15 
[8]		0 |								| 17 
[7]		1 |								| 12 
[6]		1 |								| 
[5]		2 |								| 7 14 16 7 17 12 
[4]		2 |v	1 3 3 	v| 1 7 
[3]		0 |								| 1 
[2]		0 |								| 1 1 
[1]		0 |								| 


******** STEP 27 ********
[17]		5 |								| 
[16]		3 |								| 6 14 14 10 5 
[15]		0 |								| 14 7 2 11 4 
[14]		2 |								| 7 9 6 5 
[13]		1 |								| 1 
[12]		0 |								| 4 7 6 3 6 9 10 
[11]		1 |								| 14 9 12 3 9 14 15 13 1 
[10]		0 |								| 4 6 14 7 7 5 7 
[9]		0 |								| 12 16 16 16 5 16 15 
[8]		0 |								| 17 
[7]		1 |								| 12 
[6]		1 |								| 
[5]		2 |								| 7 14 16 7 17 12 
[4]		2 |v	1 3 3 1 	v| 7 
[3]		0 |								| 1 
[2]		0 |								| 1 1 
[1]		0 |								| 


******** STEP 28 ********
[17]		5 |								| 
[16]		3 |								| 6 14 14 10 5 
[15]		0 |								| 14 7 2 11 4 
[14]		2 |								| 7 9 6 5 
[13]		1 |								| 1 
[12]		0 |								| 4 7 6 3 6 9 10 
[11]		1 |								| 14 9 12 3 9 14 15 13 1 
[10]		0 |								| 4 6 14 7 7 5 7 
[9]		0 |								| 12 16 16 16 5 16 15 
[8]		0 |								| 17 
[7]		1 |								| 12 
[6]		1 |								| 
[5]		2 |								| 7 14 16 7 17 12 
[4]		2 |								| 7 
[3]		2 |v	1 1 	v| 1 
[2]		0 |								| 1 1 
[1]		0 |								| 


******** STEP 29 ********
[17]		5 |								| 
[16]		3 |								| 6 14 14 10 5 
[15]		0 |								| 14 7 2 11 4 
[14]		2 |								| 7 9 6 5 
[13]		1 |								| 1 
[12]		0 |								| 4 7 6 3 6 9 10 
[11]		1 |								| 14 9 12 3 9 14 15 13 1 
[10]		0 |								| 4 6 14 7 7 5 7 
[9]		0 |								| 12 16 16 16 5 16 15 
[8]		0 |								| 17 
[7]		1 |								| 12 
[6]		1 |								| 
[5]		2 |								| 7 14 16 7 17 12 
[4]		2 |								| 7 
[3]		2 |v	1 1 1 	v| 
[2]		0 |								| 1 1 
[1]		0 |								| 


******** STEP 30 ********
[17]		5 |								| 
[16]		3 |								| 6 14 14 10 5 
[15]		0 |								| 14 7 2 11 4 
[14]		2 |								| 7 9 6 5 
[13]		1 |								| 1 
[12]		0 |								| 4 7 6 3 6 9 10 
[11]		1 |								| 14 9 12 3 9 14 15 13 1 
[10]		0 |								| 4 6 14 7 7 5 7 
[9]		0 |								| 12 16 16 16 5 16 15 
[8]		0 |								| 17 
[7]		1 |								| 12 
[6]		1 |								| 
[5]		2 |								| 7 14 16 7 17 12 
[4]		2 |								| 7 
[3]		2 |								| 
[2]		0 |v	1 1 1 1 1 	v| 
[1]		0 |								| 


******** STEP 31 ********
[17]		5 |								| 
[16]		3 |								| 6 14 14 10 5 
[15]		0 |								| 14 7 2 11 4 
[14]		2 |								| 7 9 6 5 
[13]		1 |								| 1 
[12]		0 |								| 4 7 6 3 6 9 10 
[11]		1 |								| 14 9 12 3 9 14 15 13 1 
[10]		0 |								| 4 6 14 7 7 5 7 
[9]		0 |								| 12 16 16 16 5 16 15 
[8]		0 |								| 17 
[7]		1 |								| 12 
[6]		1 |								| 
[5]		2 |								| 7 14 16 7 17 12 
[4]		2 |								| 7 
[3]		2 |								| 
[2]		0 |								| 
[1]		5 |v		v| 


******** STEP 32 ********
[17]		5 |								| 
[16]		3 |								| 6 14 14 10 5 
[15]		0 |								| 14 7 2 11 4 
[14]		2 |								| 7 9 6 5 
[13]		1 |								| 1 
[12]		0 |								| 4 7 6 3 6 9 10 
[11]		1 |								| 14 9 12 3 9 14 15 13 1 
[10]		0 |								| 4 6 14 7 7 5 7 
[9]		0 |								| 12 16 16 16 5 16 15 
[8]		0 |								| 17 
[7]		1 |								| 12 
[6]		1 |								| 
[5]		2 |								| 7 14 16 7 17 12 
[4]		2 |^	7 	^| 
[3]		2 |								| 
[2]		0 |								| 
[1]		5 |								| 


******** STEP 33 ********
[17]		5 |								| 
[16]		3 |								| 6 14 14 10 5 
[15]		0 |								| 14 7 2 11 4 
[14]		2 |								| 7 9 6 5 
[13]		1 |								| 1 
[12]		0 |								| 4 7 6 3 6 9 10 
[11]		1 |								| 14 9 12 3 9 14 15 13 1 
[10]		0 |								| 4 6 14 7 7 5 7 
[9]		0 |								| 12 16 16 16 5 16 15 
[8]		0 |								| 17 
[7]		1 |								| 12 
[6]		1 |								| 
[5]		2 |^	7 17 16 14 12 	^| 7 7 
[4]		2 |								| 
[3]		2 |								| 
[2]		0 |								| 
[1]		5 |								| 


******** STEP 34 ********
[17]		5 |								| 
[16]		3 |								| 6 14 14 10 5 
[15]		0 |								| 14 7 2 11 4 
[14]		2 |								| 7 9 6 5 
[13]		1 |								| 1 
[12]		0 |								| 4 7 6 3 6 9 10 
[11]		1 |								| 14 9 12 3 9 14 15 13 1 
[10]		0 |								| 4 6 14 7 7 5 7 
[9]		0 |								| 12 16 16 16 5 16 15 
[8]		0 |								| 17 
[7]		2 |^	17 16 14 12 	^| 12 
[6]		1 |								| 
[5]		2 |								| 7 7 
[4]		2 |								| 
[3]		2 |								| 
[2]		0 |								| 
[1]		5 |								| 


******** STEP 35 ********
[17]		5 |								| 
[16]		3 |								| 6 14 14 10 5 
[15]		0 |								| 14 7 2 11 4 
[14]		2 |								| 7 9 6 5 
[13]		1 |								| 1 
[12]		0 |								| 4 7 6 3 6 9 10 
[11]		1 |								| 14 9 12 3 9 14 15 13 1 
[10]		0 |								| 4 6 14 7 7 5 7 
[9]		0 |								| 12 16 16 16 5 16 15 
[8]		0 |								| 17 
[7]		2 |^	17 16 14 12 12 	^| 
[6]		1 |								| 
[5]		2 |								| 7 7 
[4]		2 |								| 
[3]		2 |								| 
[2]		0 |								| 
[1]		5 |								| 


******** STEP 36 ********
[17]		5 |								| 
[16]		3 |								| 6 14 14 10 5 
[15]		0 |								| 14 7 2 11 4 
[14]		2 |								| 7 9 6 5 
[13]		1 |								| 1 
[12]		2 |^	17 16 14 	^| 4 7 6 3 6 9 10 
[11]		1 |								| 14 9 12 3 9 14 15 13 1 
[10]		0 |								| 4 6 14 7 7 5 7 
[9]		0 |								| 12 16 16 16 5 16 15 
[8]		0 |								| 17 
[7]		2 |								| 
[6]		1 |								| 
[5]		2 |								| 7 7 
[4]		2 |								| 
[3]		2 |								| 
[2]		0 |								| 
[1]		5 |								| 


******** STEP 37 ********
[17]		5 |								| 
[16]		3 |								| 6 14 14 10 5 
[15]		0 |								| 14 7 2 11 4 
[14]		3 |^	17 16 	^| 7 9 6 5 
[13]		1 |								| 1 
[12]		2 |								| 4 7 6 3 6 9 10 
[11]		1 |								| 14 9 12 3 9 14 15 13 1 
[10]		0 |								| 4 6 14 7 7 5 7 
[9]		0 |								| 12 16 16 16 5 16 15 
[8]		0 |								| 17 
[7]		2 |								| 
[6]		1 |								| 
[5]		2 |								| 7 7 
[4]		2 |								| 
[3]		2 |								| 
[2]		0 |								| 
[1]		5 |								| 


******** STEP 38 ********
[17]		5 |								| 
[16]		4 |^	17 	^| 6 14 14 10 5 
[15]		0 |								| 14 7 2 11 4 
[14]		3 |								| 7 9 6 5 
[13]		1 |								| 1 
[12]		2 |								| 4 7 6 3 6 9 10 
[11]		1 |								| 14 9 12 3 9 14 15 13 1 
[10]		0 |								| 4 6 14 7 7 5 7 
[9]		0 |								| 12 16 16 16 5 16 15 
[8]		0 |								| 17 
[7]		2 |								| 
[6]		1 |								| 
[5]		2 |								| 7 7 
[4]		2 |								| 
[3]		2 |								| 
[2]		0 |								| 
[1]		5 |								| 


******** STEP 39 ********
[17]		6 |^		^| 
[16]		4 |								| 6 14 14 10 5 
[15]		0 |								| 14 7 2 11 4 
[14]		3 |								| 7 9 6 5 
[13]		1 |								| 1 
[12]		2 |								| 4 7 6 3 6 9 10 
[11]		1 |								| 14 9 12 3 9 14 15 13 1 
[10]		0 |								| 4 6 14 7 7 5 7 
[9]		0 |								| 12 16 16 16 5 16 15 
[8]		0 |								| 17 
[7]		2 |								| 
[6]		1 |								| 
[5]		2 |								| 7 7 
[4]		2 |								| 
[3]		2 |								| 
[2]		0 |								| 
[1]		5 |								| 


******** STEP 40 ********
[17]		6 |								| 
[16]		4 |v	5 6 10 14 14 	v| 
[15]		0 |								| 14 7 2 11 4 
[14]		3 |								| 7 9 6 5 
[13]		1 |								| 1 
[12]		2 |								| 4 7 6 3 6 9 10 
[11]		1 |								| 14 9 12 3 9 14 15 13 1 
[10]		0 |								| 4 6 14 7 7 5 7 
[9]		0 |								| 12 16 16 16 5 16 15 
[8]		0 |								| 17 
[7]		2 |								| 
[6]		1 |								| 
[5]		2 |								| 7 7 
[4]		2 |								| 
[3]		2 |								| 
[2]		0 |								| 
[1]		5 |								| 


******** STEP 41 ********
[17]		6 |								| 
[16]		4 |								| 
[15]		0 |								| 14 7 2 11 4 
[14]		5 |v	5 6 10 	v| 7 9 6 5 
[13]		1 |								| 1 
[12]		2 |								| 4 7 6 3 6 9 10 
[11]		1 |								| 14 9 12 3 9 14 15 13 1 
[10]		0 |								| 4 6 14 7 7 5 7 
[9]		0 |								| 12 16 16 16 5 16 15 
[8]		0 |								| 17 
[7]		2 |								| 
[6]		1 |								| 
[5]		2 |								| 7 7 
[4]		2 |								| 
[3]		2 |								| 
[2]		0 |								| 
[1]		5 |								| 


******** STEP 42 ********
[17]		6 |								| 
[16]		4 |								| 
[15]		0 |								| 14 7 2 11 4 
[14]		5 |v	5 6 10 5 6 	v| 7 9 
[13]		1 |								| 1 
[12]		2 |								| 4 7 6 3 6 9 10 
[11]		1 |								| 14 9 12 3 9 14 15 13 1 
[10]		0 |								| 4 6 14 7 7 5 7 
[9]		0 |								| 12 16 16 16 5 16 15 
[8]		0 |								| 17 
[7]		2 |								| 
[6]		1 |								| 
[5]		2 |								| 7 7 
[4]		2 |								| 
[3]		2 |								| 
[2]		0 |								| 
[1]		5 |								| 


******** STEP 43 ********
[17]		6 |								| 
[16]		4 |								| 
[15]		0 |								| 14 7 2 11 4 
[14]		5 |								| 7 9 
[13]		1 |								| 1 
[12]		2 |								| 4 7 6 3 6 9 10 
[11]		1 |								| 14 9 12 3 9 14 15 13 1 
[10]		1 |v	5 6 5 6 	v| 4 6 14 7 7 5 7 
[9]		0 |								| 12 16 16 16 5 16 15 
[8]		0 |								| 17 
[7]		2 |								| 
[6]		1 |								| 
[5]		2 |								| 7 7 
[4]		2 |								| 
[3]		2 |								| 
[2]		0 |								| 
[1]		5 |								| 


******** STEP 44 ********
[17]		6 |								| 
[16]		4 |								| 
[15]		0 |								| 14 7 2 11 4 
[14]		5 |								| 7 9 
[13]		1 |								| 1 
[12]		2 |								| 4 7 6 3 6 9 10 
[11]		1 |								| 14 9 12 3 9 14 15 13 1 
[10]		1 |v	5 6 5 6 4 	v| 6 14 7 7 5 7 
[9]		0 |								| 12 16 16 16 5 16 15 
[8]		0 |								| 17 
[7]		2 |								| 
[6]		1 |								| 
[5]		2 |								| 7 7 
[4]		2 |								| 
[3]		2 |								| 
[2]		0 |								| 
[1]		5 |								| 


******** STEP 45 ********
[17]		6 |								| 
[16]		4 |								| 
[15]		0 |								| 14 7 2 11 4 
[14]		5 |								| 7 9 
[13]		1 |								| 1 
[12]		2 |								| 4 7 6 3 6 9 10 
[11]		1 |								| 14 9 12 3 9 14 15 13 1 
[10]		1 |								| 6 14 7 7 5 7 
[9]		0 |								| 12 16 16 16 5 16 15 
[8]		0 |								| 17 
[7]		2 |								| 
[6]		3 |v	5 5 4 	v| 
[5]		2 |								| 7 7 
[4]		2 |								| 
[3]		2 |								| 
[2]		0 |								| 
[1]		5 |								| 


******** STEP 46 ********
[17]		6 |								| 
[16]		4 |								| 
[15]		0 |								| 14 7 2 11 4 
[14]		5 |								| 7 9 
[13]		1 |								| 1 
[12]		2 |								| 4 7 6 3 6 9 10 
[11]		1 |								| 14 9 12 3 9 14 15 13 1 
[10]		1 |								| 6 14 7 7 5 7 
[9]		0 |								| 12 16 16 16 5 16 15 
[8]		0 |								| 17 
[7]		2 |								| 
[6]		3 |								| 
[5]		4 |v	4 	v| 7 7 
[4]		2 |								| 
[3]		2 |								| 
[2]		0 |								| 
[1]		5 |								| 


******** STEP 47 ********
[17]		6 |								| 
[16]		4 |								| 
[15]		0 |								| 14 7 2 11 4 
[14]		5 |								| 7 9 
[13]		1 |								| 1 
[12]		2 |								| 4 7 6 3 6 9 10 
[11]		1 |								| 14 9 12 3 9 14 15 13 1 
[10]		1 |								| 6 14 7 7 5 7 
[9]		0 |								| 12 16 16 16 5 16 15 
[8]		0 |								| 17 
[7]		2 |								| 
[6]		3 |								| 
[5]		4 |								| 7 7 
[4]		3 |v		v| 
[3]		2 |								| 
[2]		0 |								| 
[1]		5 |								| 


******** STEP 48 ********
[17]		6 |								| 
[16]		4 |								| 
[15]		0 |								| 14 7 2 11 4 
[14]		5 |								| 7 9 
[13]		1 |								| 1 
[12]		2 |								| 4 7 6 3 6 9 10 
[11]		1 |								| 14 9 12 3 9 14 15 13 1 
[10]		1 |								| 6 14 7 7 5 7 
[9]		0 |								| 12 16 16 16 5 16 15 
[8]		0 |								| 17 
[7]		2 |								| 
[6]		3 |								| 
[5]		4 |^	7 7 	^| 
[4]		3 |								| 
[3]		2 |								| 
[2]		0 |								| 
[1]		5 |								| 


******** STEP 49 ********
[17]		6 |								| 
[16]		4 |								| 
[15]		0 |								| 14 7 2 11 4 
[14]		5 |								| 7 9 
[13]		1 |								| 1 
[12]		2 |								| 4 7 6 3 6 9 10 
[11]		1 |								| 14 9 12 3 9 14 15 13 1 
[10]		1 |								| 6 14 7 7 5 7 
[9]		0 |								| 12 16 16 16 5 16 15 
[8]		0 |								| 17 
[7]		4 |^		^| 
[6]		3 |								| 
[5]		4 |								| 
[4]		3 |								| 
[3]		2 |								| 
[2]		0 |								| 
[1]		5 |								| 


******** STEP 50 ********
[17]		6 |								| 
[16]		4 |								| 
[15]		0 |								| 14 7 2 11 4 
[14]		5 |								| 7 9 
[13]		1 |								| 1 
[12]		2 |								| 4 7 6 3 6 9 10 
[11]		1 |								| 14 9 12 3 9 14 15 13 1 
[10]		1 |								| 6 14 7 7 5 7 
[9]		0 |								| 12 16 16 16 5 16 15 
[8]		0 |^	17 	^| 
[7]		4 |								| 
[6]		3 |								| 
[5]		4 |								| 
[4]		3 |								| 
[3]		2 |								| 
[2]		0 |								| 
[1]		5 |								| 


******** STEP 51 ********
[17]		6 |								| 
[16]		4 |								| 
[15]		0 |								| 14 7 2 11 4 
[14]		5 |								| 7 9 
[13]		1 |								| 1 
[12]		2 |								| 4 7 6 3 6 9 10 
[11]		1 |								| 14 9 12 3 9 14 15 13 1 
[10]		1 |								| 6 14 7 7 5 7 
[9]		0 |^	17 16 16 16 16 	^| 12 5 15 
[8]		0 |								| 
[7]		4 |								| 
[6]		3 |								| 
[5]		4 |								| 
[4]		3 |								| 
[3]		2 |								| 
[2]		0 |								| 
[1]		5 |								| 


******** STEP 52 ********
[17]		6 |								| 
[16]		8 |^	17 	^| 
[15]		0 |								| 14 7 2 11 4 
[14]		5 |								| 7 9 
[13]		1 |								| 1 
[12]		2 |								| 4 7 6 3 6 9 10 
[11]		1 |								| 14 9 12 3 9 14 15 13 1 
[10]		1 |								| 6 14 7 7 5 7 
[9]		0 |								| 12 5 15 
[8]		0 |								| 
[7]		4 |								| 
[6]		3 |								| 
[5]		4 |								| 
[4]		3 |								| 
[3]		2 |								| 
[2]		0 |								| 
[1]		5 |								| 


******** STEP 53 ********
[17]		7 |^		^| 
[16]		8 |								| 
[15]		0 |								| 14 7 2 11 4 
[14]		5 |								| 7 9 
[13]		1 |								| 1 
[12]		2 |								| 4 7 6 3 6 9 10 
[11]		1 |								| 14 9 12 3 9 14 15 13 1 
[10]		1 |								| 6 14 7 7 5 7 
[9]		0 |								| 12 5 15 
[8]		0 |								| 
[7]		4 |								| 
[6]		3 |								| 
[5]		4 |								| 
[4]		3 |								| 
[3]		2 |								| 
[2]		0 |								| 
[1]		5 |								| 


******** STEP 54 ********
[17]		7 |								| 
[16]		8 |								| 
[15]		0 |v	2 4 7 11 14 	v| 
[14]		5 |								| 7 9 
[13]		1 |								| 1 
[12]		2 |								| 4 7 6 3 6 9 10 
[11]		1 |								| 14 9 12 3 9 14 15 13 1 
[10]		1 |								| 6 14 7 7 5 7 
[9]		0 |								| 12 5 15 
[8]		0 |								| 
[7]		4 |								| 
[6]		3 |								| 
[5]		4 |								| 
[4]		3 |								| 
[3]		2 |								| 
[2]		0 |								| 
[1]		5 |								| 


******** STEP 55 ********
[17]		7 |								| 
[16]		8 |								| 
[15]		0 |								| 
[14]		6 |v	2 4 7 11 	v| 7 9 
[13]		1 |								| 1 
[12]		2 |								| 4 7 6 3 6 9 10 
[11]		1 |								| 14 9 12 3 9 14 15 13 1 
[10]		1 |								| 6 14 7 7 5 7 
[9]		0 |								| 12 5 15 
[8]		0 |								| 
[7]		4 |								| 
[6]		3 |								| 
[5]		4 |								| 
[4]		3 |								| 
[3]		2 |								| 
[2]		0 |								| 
[1]		5 |								| 


******** STEP 56 ********
[17]		7 |								| 
[16]		8 |								| 
[15]		0 |								| 
[14]		6 |v	2 4 7 11 7 	v| 9 
[13]		1 |								| 1 
[12]		2 |								| 4 7 6 3 6 9 10 
[11]		1 |								| 14 9 12 3 9 14 15 13 1 
[10]		1 |								| 6 14 7 7 5 7 
[9]		0 |								| 12 5 15 
[8]		0 |								| 
[7]		4 |								| 
[6]		3 |								| 
[5]		4 |								| 
[4]		3 |								| 
[3]		2 |								| 
[2]		0 |								| 
[1]		5 |								| 


******** STEP 57 ********
[17]		7 |								| 
[16]		8 |								| 
[15]		0 |								| 
[14]		6 |								| 9 
[13]		1 |								| 1 
[12]		2 |								| 4 7 6 3 6 9 10 
[11]		2 |v	2 4 7 7 	v| 14 9 12 3 9 14 15 13 1 
[10]		1 |								| 6 14 7 7 5 7 
[9]		0 |								| 12 5 15 
[8]		0 |								| 
[7]		4 |								| 
[6]		3 |								| 
[5]		4 |								| 
[4]		3 |								| 
[3]		2 |								| 
[2]		0 |								| 
[1]		5 |								| 


******** STEP 58 ********
[17]		7 |								| 
[16]		8 |								| 
[15]		0 |								| 
[14]		6 |								| 9 
[13]		1 |								| 1 
[12]		2 |								| 4 7 6 3 6 9 10 
[11]		2 |v	2 4 7 7 1 	v| 14 9 12 3 9 14 15 13 
[10]		1 |								| 6 14 7 7 5 7 
[9]		0 |								| 12 5 15 
[8]		0 |								| 
[7]		4 |								| 
[6]		3 |								| 
[5]		4 |								| 
[4]		3 |								| 
[3]		2 |								| 
[2]		0 |								| 
[1]		5 |								| 


******** STEP 59 ********
[17]		7 |								| 
[16]		8 |								| 
[15]		0 |								| 
[14]		6 |								| 9 
[13]		1 |								| 1 
[12]		2 |								| 4 7 6 3 6 9 10 
[11]		2 |								| 14 9 12 3 9 14 15 13 
[10]		1 |								| 6 14 7 7 5 7 
[9]		0 |								| 12 5 15 
[8]		0 |								| 
[7]		6 |v	2 4 1 	v| 
[6]		3 |								| 
[5]		4 |								| 
[4]		3 |								| 
[3]		2 |								| 
[2]		0 |								| 
[1]		5 |								| 


******** STEP 60 ********
[17]		7 |								| 
[16]		8 |								| 
[15]		0 |								| 
[14]		6 |								| 9 
[13]		1 |								| 1 
[12]		2 |								| 4 7 6 3 6 9 10 
[11]		2 |								| 14 9 12 3 9 14 15 13 
[10]		1 |								| 6 14 7 7 5 7 
[9]		0 |								| 12 5 15 
[8]		0 |								| 
[7]		6 |								| 
[6]		3 |								| 
[5]		4 |								| 
[4]		4 |v	2 1 	v| 
[3]		2 |								| 
[2]		0 |								| 
[1]		5 |								| 


******** STEP 61 ********
[17]		7 |								| 
[16]		8 |								| 
[15]		0 |								| 
[14]		6 |								| 9 
[13]		1 |								| 1 
[12]		2 |								| 4 7 6 3 6 9 10 
[11]		2 |								| 14 9 12 3 9 14 15 13 
[10]		1 |								| 6 14 7 7 5 7 
[9]		0 |								| 12 5 15 
[8]		0 |								| 
[7]		6 |								| 
[6]		3 |								| 
[5]		4 |								| 
[4]		4 |								| 
[3]		2 |								| 
[2]		1 |v	1 	v| 
[1]		5 |								| 


******** STEP 62 ********
[17]		7 |								| 
[16]		8 |								| 
[15]		0 |								| 
[14]		6 |								| 9 
[13]		1 |								| 1 
[12]		2 |								| 4 7 6 3 6 9 10 
[11]		2 |								| 14 9 12 3 9 14 15 13 
[10]		1 |								| 6 14 7 7 5 7 
[9]		0 |								| 12 5 15 
[8]		0 |								| 
[7]		6 |								| 
[6]		3 |								| 
[5]		4 |								| 
[4]		4 |								| 
[3]		2 |								| 
[2]		1 |								| 
[1]		6 |v		v| 


******** STEP 63 ********
[17]		7 |								| 
[16]		8 |								| 
[15]		0 |								| 
[14]		6 |								| 9 
[13]		1 |								| 1 
[12]		2 |								| 4 7 6 3 6 9 10 
[11]		2 |								| 14 9 12 3 9 14 15 13 
[10]		1 |								| 6 14 7 7 5 7 
[9]		0 |^	15 12 	^| 5 
[8]		0 |								| 
[7]		6 |								| 
[6]		3 |								| 
[5]		4 |								| 
[4]		4 |								| 
[3]		2 |								| 
[2]		1 |								| 
[1]		6 |								| 


******** STEP 64 ********
[17]		7 |								| 
[16]		8 |								| 
[15]		0 |								| 
[14]		6 |								| 9 
[13]		1 |								| 1 
[12]		2 |								| 4 7 6 3 6 9 10 
[11]		2 |								| 14 9 12 3 9 14 15 13 
[10]		1 |^	15 12 14 	^| 6 7 7 5 7 
[9]		0 |								| 5 
[8]		0 |								| 
[7]		6 |								| 
[6]		3 |								| 
[5]		4 |								| 
[4]		4 |								| 
[3]		2 |								| 
[2]		1 |								| 
[1]		6 |								| 


******** STEP 65 ********
[17]		7 |								| 
[16]		8 |								| 
[15]		0 |								| 
[14]		6 |								| 9 
[13]		1 |								| 1 
[12]		2 |								| 4 7 6 3 6 9 10 
[11]		2 |^	15 12 14 15 14 	^| 9 12 3 9 14 13 
[10]		1 |								| 6 7 7 5 7 
[9]		0 |								| 5 
[8]		0 |								| 
[7]		6 |								| 
[6]		3 |								| 
[5]		4 |								| 
[4]		4 |								| 
[3]		2 |								| 
[2]		1 |								| 
[1]		6 |								| 


******** STEP 66 ********
[17]		7 |								| 
[16]		8 |								| 
[15]		0 |								| 
[14]		6 |								| 9 
[13]		1 |								| 1 
[12]		3 |^	15 14 15 14 	^| 4 7 6 3 6 9 10 
[11]		2 |								| 9 12 3 9 14 13 
[10]		1 |								| 6 7 7 5 7 
[9]		0 |								| 5 
[8]		0 |								| 
[7]		6 |								| 
[6]		3 |								| 
[5]		4 |								| 
[4]		4 |								| 
[3]		2 |								| 
[2]		1 |								| 
[1]		6 |								| 


******** STEP 67 ********
[17]		7 |								| 
[16]		8 |								| 
[15]		0 |								| 
[14]		8 |^	15 15 	^| 9 
[13]		1 |								| 1 
[12]		3 |								| 4 7 6 3 6 9 10 
[11]		2 |								| 9 12 3 9 14 13 
[10]		1 |								| 6 7 7 5 7 
[9]		0 |								| 5 
[8]		0 |								| 
[7]		6 |								| 
[6]		3 |								| 
[5]		4 |								| 
[4]		4 |								| 
[3]		2 |								| 
[2]		1 |								| 
[1]		6 |								| 


******** STEP 68 ********
[17]		7 |								| 
[16]		8 |								| 
[15]		2 |^		^| 
[14]		8 |								| 9 
[13]		1 |								| 1 
[12]		3 |								| 4 7 6 3 6 9 10 
[11]		2 |								| 9 12 3 9 14 13 
[10]		1 |								| 6 7 7 5 7 
[9]		0 |								| 5 
[8]		0 |								| 
[7]		6 |								| 
[6]		3 |								| 
[5]		4 |								| 
[4]		4 |								| 
[3]		2 |								| 
[2]		1 |								| 
[1]		6 |								| 


******** STEP 69 ********
[17]		7 |								| 
[16]		8 |								| 
[15]		2 |								| 
[14]		8 |v	9 	v| 
[13]		1 |								| 1 
[12]		3 |								| 4 7 6 3 6 9 10 
[11]		2 |								| 9 12 3 9 14 13 
[10]		1 |								| 6 7 7 5 7 
[9]		0 |								| 5 
[8]		0 |								| 
[7]		6 |								| 
[6]		3 |								| 
[5]		4 |								| 
[4]		4 |								| 
[3]		2 |								| 
[2]		1 |								| 
[1]		6 |								| 


******** STEP 70 ********
[17]		7 |								| 
[16]		8 |								| 
[15]		2 |								| 
[14]		8 |								| 
[13]		1 |v	9 1 	v| 
[12]		3 |								| 4 7 6 3 6 9 10 
[11]		2 |								| 9 12 3 9 14 13 
[10]		1 |								| 6 7 7 5 7 
[9]		0 |								| 5 
[8]		0 |								| 
[7]		6 |								| 
[6]		3 |								| 
[5]		4 |								| 
[4]		4 |								| 
[3]		2 |								| 
[2]		1 |								| 
[1]		6 |								| 


******** STEP 71 ********
[17]		7 |								| 
[16]		8 |								| 
[15]		2 |								| 
[14]		8 |								| 
[13]		1 |								| 
[12]		3 |v	9 1 3 4 6 	v| 7 6 9 10 
[11]		2 |								| 9 12 3 9 14 13 
[10]		1 |								| 6 7 7 5 7 
[9]		0 |								| 5 
[8]		0 |								| 
[7]		6 |								| 
[6]		3 |								| 
[5]		4 |								| 
[4]		4 |								| 
[3]		2 |								| 
[2]		1 |								| 
[1]		6 |								| 


******** STEP 72 ********
[17]		7 |								| 
[16]		8 |								| 
[15]		2 |								| 
[14]		8 |								| 
[13]		1 |								| 
[12]		3 |								| 7 6 9 10 
[11]		2 |								| 9 12 3 9 14 13 
[10]		1 |								| 6 7 7 5 7 
[9]		1 |v	1 3 4 6 	v| 5 
[8]		0 |								| 
[7]		6 |								| 
[6]		3 |								| 
[5]		4 |								| 
[4]		4 |								| 
[3]		2 |								| 
[2]		1 |								| 
[1]		6 |								| 


******** STEP 73 ********
[17]		7 |								| 
[16]		8 |								| 
[15]		2 |								| 
[14]		8 |								| 
[13]		1 |								| 
[12]		3 |								| 7 6 9 10 
[11]		2 |								| 9 12 3 9 14 13 
[10]		1 |								| 6 7 7 5 7 
[9]		1 |v	1 3 4 6 5 	v| 
[8]		0 |								| 
[7]		6 |								| 
[6]		3 |								| 
[5]		4 |								| 
[4]		4 |								| 
[3]		2 |								| 
[2]		1 |								| 
[1]		6 |								| 


******** STEP 74 ********
[17]		7 |								| 
[16]		8 |								| 
[15]		2 |								| 
[14]		8 |								| 
[13]		1 |								| 
[12]		3 |								| 7 6 9 10 
[11]		2 |								| 9 12 3 9 14 13 
[10]		1 |								| 6 7 7 5 7 
[9]		1 |								| 
[8]		0 |								| 
[7]		6 |								| 
[6]		4 |v	1 3 4 5 	v| 
[5]		4 |								| 
[4]		4 |								| 
[3]		2 |								| 
[2]		1 |								| 
[1]		6 |								| 


******** STEP 75 ********
[17]		7 |								| 
[16]		8 |								| 
[15]		2 |								| 
[14]		8 |								| 
[13]		1 |								| 
[12]		3 |								| 7 6 9 10 
[11]		2 |								| 9 12 3 9 14 13 
[10]		1 |								| 6 7 7 5 7 
[9]		1 |								| 
[8]		0 |								| 
[7]		6 |								| 
[6]		4 |								| 
[5]		5 |v	1 3 4 	v| 
[4]		4 |								| 
[3]		2 |								| 
[2]		1 |								| 
[1]		6 |								| 


******** STEP 76 ********
[17]		7 |								| 
[16]		8 |								| 
[15]		2 |								| 
[14]		8 |								| 
[13]		1 |								| 
[12]		3 |								| 7 6 9 10 
[11]		2 |								| 9 12 3 9 14 13 
[10]		1 |								| 6 7 7 5 7 
[9]		1 |								| 
[8]		0 |								| 
[7]		6 |								| 
[6]		4 |								| 
[5]		5 |								| 
[4]		5 |v	1 3 	v| 
[3]		2 |								| 
[2]		1 |								| 
[1]		6 |								| 


******** STEP 77 ********
[17]		7 |								| 
[16]		8 |								| 
[15]		2 |								| 
[14]		8 |								| 
[13]		1 |								| 
[12]		3 |								| 7 6 9 10 
[11]		2 |								| 9 12 3 9 14 13 
[10]		1 |								| 6 7 7 5 7 
[9]		1 |								| 
[8]		0 |								| 
[7]		6 |								| 
[6]		4 |								| 
[5]		5 |								| 
[4]		5 |								| 
[3]		3 |v	1 	v| 
[2]		1 |								| 
[1]		6 |								| 


******** STEP 78 ********
[17]		7 |								| 
[16]		8 |								| 
[15]		2 |								| 
[14]		8 |								| 
[13]		1 |								| 
[12]		3 |								| 7 6 9 10 
[11]		2 |								| 9 12 3 9 14 13 
[10]		1 |								| 6 7 7 5 7 
[9]		1 |								| 
[8]		0 |								| 
[7]		6 |								| 
[6]		4 |								| 
[5]		5 |								| 
[4]		5 |								| 
[3]		3 |								| 
[2]		1 |								| 
[1]		7 |v		v| 


******** STEP 79 ********
[17]		7 |								| 
[16]		8 |								| 
[15]		2 |								| 
[14]		8 |								| 
[13]		1 |								| 
[12]		3 |								| 7 6 9 10 
[11]		2 |								| 9 12 3 9 14 13 
[10]		1 |^	5 6 7 7 7 	^| 
[9]		1 |								| 
[8]		0 |								| 
[7]		6 |								| 
[6]		4 |								| 
[5]		5 |								| 
[4]		5 |								| 
[3]		3 |								| 
[2]		1 |								| 
[1]		7 |								| 


******** STEP 80 ********
[17]		7 |								| 
[16]		8 |								| 
[15]		2 |								| 
[14]		8 |								| 
[13]		1 |								| 
[12]		3 |								| 7 6 9 10 
[11]		2 |								| 9 12 3 9 14 13 
[10]		1 |								| 
[9]		1 |								| 
[8]		0 |								| 
[7]		9 |v	5 6 	v| 
[6]		4 |								| 
[5]		5 |								| 
[4]		5 |								| 
[3]		3 |								| 
[2]		1 |								| 
[1]		7 |								| 


******** STEP 81 ********
[17]		7 |								| 
[16]		8 |								| 
[15]		2 |								| 
[14]		8 |								| 
[13]		1 |								| 
[12]		3 |								| 7 6 9 10 
[11]		2 |								| 9 12 3 9 14 13 
[10]		1 |								| 
[9]		1 |								| 
[8]		0 |								| 
[7]		9 |								| 
[6]		5 |v	5 	v| 
[5]		5 |								| 
[4]		5 |								| 
[3]		3 |								| 
[2]		1 |								| 
[1]		7 |								| 


******** STEP 82 ********
[17]		7 |								| 
[16]		8 |								| 
[15]		2 |								| 
[14]		8 |								| 
[13]		1 |								| 
[12]		3 |								| 7 6 9 10 
[11]		2 |								| 9 12 3 9 14 13 
[10]		1 |								| 
[9]		1 |								| 
[8]		0 |								| 
[7]		9 |								| 
[6]		5 |								| 
[5]		6 |v		v| 
[4]		5 |								| 
[3]		3 |								| 
[2]		1 |								| 
[1]		7 |								| 


******** STEP 83 ********
[17]		7 |								| 
[16]		8 |								| 
[15]		2 |								| 
[14]		8 |								| 
[13]		1 |								| 
[12]		3 |								| 7 6 9 10 
[11]		2 |^	3 9 9 	^| 12 14 13 
[10]		1 |								| 
[9]		1 |								| 
[8]		0 |								| 
[7]		9 |								| 
[6]		5 |								| 
[5]		6 |								| 
[4]		5 |								| 
[3]		3 |								| 
[2]		1 |								| 
[1]		7 |								| 


******** STEP 84 ********
[17]		7 |								| 
[16]		8 |								| 
[15]		2 |								| 
[14]		8 |								| 
[13]		1 |								| 
[12]		3 |								| 7 6 9 10 
[11]		2 |								| 12 14 13 
[10]		1 |								| 
[9]		3 |v	3 	v| 
[8]		0 |								| 
[7]		9 |								| 
[6]		5 |								| 
[5]		6 |								| 
[4]		5 |								| 
[3]		3 |								| 
[2]		1 |								| 
[1]		7 |								| 


******** STEP 85 ********
[17]		7 |								| 
[16]		8 |								| 
[15]		2 |								| 
[14]		8 |								| 
[13]		1 |								| 
[12]		3 |								| 7 6 9 10 
[11]		2 |								| 12 14 13 
[10]		1 |								| 
[9]		3 |								| 
[8]		0 |								| 
[7]		9 |								| 
[6]		5 |								| 
[5]		6 |								| 
[4]		5 |								| 
[3]		4 |v		v| 
[2]		1 |								| 
[1]		7 |								| 


******** STEP 86 ********
[17]		7 |								| 
[16]		8 |								| 
[15]		2 |								| 
[14]		8 |								| 
[13]		1 |								| 
[12]		3 |								| 7 6 9 10 
[11]		2 |^	14 13 12 	^| 
[10]		1 |								| 
[9]		3 |								| 
[8]		0 |								| 
[7]		9 |								| 
[6]		5 |								| 
[5]		6 |								| 
[4]		5 |								| 
[3]		4 |								| 
[2]		1 |								| 
[1]		7 |								| 


******** STEP 87 ********
[17]		7 |								| 
[16]		8 |								| 
[15]		2 |								| 
[14]		8 |								| 
[13]		1 |								| 
[12]		4 |^	14 13 	^| 7 6 9 10 
[11]		2 |								| 
[10]		1 |								| 
[9]		3 |								| 
[8]		0 |								| 
[7]		9 |								| 
[6]		5 |								| 
[5]		6 |								| 
[4]		5 |								| 
[3]		4 |								| 
[2]		1 |								| 
[1]		7 |								| 


******** STEP 88 ********
[17]		7 |								| 
[16]		8 |								| 
[15]		2 |								| 
[14]		8 |								| 
[13]		2 |^	14 	^| 
[12]		4 |								| 7 6 9 10 
[11]		2 |								| 
[10]		1 |								| 
[9]		3 |								| 
[8]		0 |								| 
[7]		9 |								| 
[6]		5 |								| 
[5]		6 |								| 
[4]		5 |								| 
[3]		4 |								| 
[2]		1 |								| 
[1]		7 |								| 


******** STEP 89 ********
[17]		7 |								| 
[16]		8 |								| 
[15]		2 |								| 
[14]		9 |^		^| 
[13]		2 |								| 
[12]		4 |								| 7 6 9 10 
[11]		2 |								| 
[10]		1 |								| 
[9]		3 |								| 
[8]		0 |								| 
[7]		9 |								| 
[6]		5 |								| 
[5]		6 |								| 
[4]		5 |								| 
[3]		4 |								| 
[2]		1 |								| 
[1]		7 |								| 


******** STEP 90 ********
[17]		7 |								| 
[16]		8 |								| 
[15]		2 |								| 
[14]		9 |								| 
[13]		2 |								| 
[12]		4 |v	6 7 9 10 	v| 
[11]		2 |								| 
[10]		1 |								| 
[9]		3 |								| 
[8]		0 |								| 
[7]		9 |								| 
[6]		5 |								| 
[5]		6 |								| 
[4]		5 |								| 
[3]		4 |								| 
[2]		1 |								| 
[1]		7 |								| 


******** STEP 91 ********
[17]		7 |								| 
[16]		8 |								| 
[15]		2 |								| 
[14]		9 |								| 
[13]		2 |								| 
[12]		4 |								| 
[11]		2 |								| 
[10]		2 |v	6 7 9 	v| 
[9]		3 |								| 
[8]		0 |								| 
[7]		9 |								| 
[6]		5 |								| 
[5]		6 |								| 
[4]		5 |								| 
[3]		4 |								| 
[2]		1 |								| 
[1]		7 |								| 


******** STEP 92 ********
[17]		7 |								| 
[16]		8 |								| 
[15]		2 |								| 
[14]		9 |								| 
[13]		2 |								| 
[12]		4 |								| 
[11]		2 |								| 
[10]		2 |								| 
[9]		4 |v	6 7 	v| 
[8]		0 |								| 
[7]		9 |								| 
[6]		5 |								| 
[5]		6 |								| 
[4]		5 |								| 
[3]		4 |								| 
[2]		1 |								| 
[1]		7 |								| 


******** STEP 93 ********
[17]		7 |								| 
[16]		8 |								| 
[15]		2 |								| 
[14]		9 |								| 
[13]		2 |								| 
[12]		4 |								| 
[11]		2 |								| 
[10]		2 |								| 
[9]		4 |								| 
[8]		0 |								| 
[7]		10 |v	6 	v| 
[6]		5 |								| 
[5]		6 |								| 
[4]		5 |								| 
[3]		4 |								| 
[2]		1 |								| 
[1]		7 |								| 


******** STEP 94 ********
[17]		7 |								| 
[16]		8 |								| 
[15]		2 |								| 
[14]		9 |								| 
[13]		2 |								| 
[12]		4 |								| 
[11]		2 |								| 
[10]		2 |								| 
[9]		4 |								| 
[8]		0 |								| 
[7]		10 |								| 
[6]		6 |v		v| 
[5]		6 |								| 
[4]		5 |								| 
[3]		4 |								| 
[2]		1 |								| 
[1]		7 |								| 


