Building: 17 floors. Lift capacity: 5
******** STEP 0 ********
[17]		0 |								| 7 15 8 6 9 8 11 4 10 16 
[16]		0 |								| 7 14 5 14 13 2 12 17 6 11 
[15]		0 |								| 12 
[14]		0 |								| 9 2 12 9 11 10 2 10 
[13]		0 |								| 9 10 16 16 8 17 5 12 16 1 
[12]		0 |								| 3 10 2 13 15 5 8 11 
[11]		0 |								| 14 7 
[10]		0 |								| 12 6 11 16 14 17 14 9 2 
[9]		0 |								| 8 12 2 3 1 8 
[8]		0 |								| 2 2 10 14 4 4 
[7]		0 |								| 2 2 
[6]		0 |								| 16 13 8 11 12 9 
[5]		0 |								| 4 13 4 6 16 2 2 7 
[4]		0 |								| 6 
[3]		0 |								| 9 13 2 7 13 1 1 
[2]		0 |								| 17 14 1 14 6 13 13 16 13 
[1]		0 |v		v| 2 2 


******** STEP 1 ********
[17]		0 |								| 7 15 8 6 9 8 11 4 10 16 
[16]		0 |								| 7 14 5 14 13 2 12 17 6 11 
[15]		0 |								| 12 
[14]		0 |								| 9 2 12 9 11 10 2 10 
[13]		0 |								| 9 10 16 16 8 17 5 12 16 1 
[12]		0 |								| 3 10 2 13 15 5 8 11 
[11]		0 |								| 14 7 
[10]		0 |								| 12 6 11 16 14 17 14 9 2 
[9]		0 |								| 8 12 2 3 1 8 
[8]		0 |								| 2 2 10 14 4 4 
[7]		0 |								| 2 2 
[6]		0 |								| 16 13 8 11 12 9 
[5]		0 |								| 4 13 4 6 16 2 2 7 
[4]		0 |								| 6 
[3]		0 |								| 9 13 2 7 13 1 1 
[2]		0 |								| 17 14 1 14 6 13 13 16 13 
[1]		0 |^	2 2 	^| 


******** STEP 2 ********
[17]		0 |								| 7 15 8 6 9 8 11 4 10 16 
[16]		0 |								| 7 14 5 14 13 2 12 17 6 11 
[15]		0 |								| 12 
[14]		0 |								| 9 2 12 9 11 10 2 10 
[13]		0 |								| 9 10 16 16 8 17 5 12 16 1 
[12]		0 |								| 3 10 2 13 15 5 8 11 
[11]		0 |								| 14 7 
[10]		0 |								| 12 6 11 16 14 17 14 9 2 
[9]		0 |								| 8 12 2 3 1 8 
[8]		0 |								| 2 2 10 14 4 4 
[7]		0 |								| 2 2 
[6]		0 |								| 16 13 8 11 12 9 
[5]		0 |								| 4 13 4 6 16 2 2 7 
[4]		0 |								| 6 
[3]		0 |								| 9 13 2 7 13 1 1 
[2]		2 |^		^| 17 14 1 14 6 13 13 16 13 
[1]		0 |								| 


******** STEP 3 ********
[17]		0 |								| 7 15 8 6 9 8 11 4 10 16 
[16]		0 |								| 7 14 5 14 13 2 12 17 6 11 
[15]		0 |								| 12 
[14]		0 |								| 9 2 12 9 11 10 2 10 
[13]		0 |								| 9 10 16 16 8 17 5 12 16 1 
[12]		0 |								| 3 10 2 13 15 5 8 11 
[11]		0 |								| 14 7 
[10]		0 |								| 12 6 11 16 14 17 14 9 2 
[9]		0 |								| 8 12 2 3 1 8 
[8]		0 |								| 2 2 10 14 4 4 
[7]		0 |								| 2 2 
[6]		0 |								| 16 13 8 11 12 9 
[5]		0 |								| 4 13 4 6 16 2 2 7 
[4]		0 |								| 6 
[3]		0 |								| 9 13 2 7 13 1 1 
[2]		2 |^	17 16 14 14 13 	^| 1 6 13 13 
[1]		0 |								| 


******** STEP 4 ********
[17]		0 |								| 7 15 8 6 9 8 11 4 10 16 
[16]		0 |								| 7 14 5 14 13 2 12 17 6 11 
[15]		0 |								| 12 
[14]		0 |								| 9 2 12 9 11 10 2 10 
[13]		1 |^	17 16 14 14 	^| 9 10 16 16 8 17 5 12 16 1 
[12]		0 |								| 3 10 2 13 15 5 8 11 
[11]		0 |								| 14 7 
[10]		0 |								| 12 6 11 16 14 17 14 9 2 
[9]		0 |								| 8 12 2 3 1 8 
[8]		0 |								| 2 2 10 14 4 4 
[7]		0 |								| 2 2 
[6]		0 |								| 16 13 8 11 12 9 
[5]		0 |								| 4 13 4 6 16 2 2 7 
[4]		0 |								| 6 
[3]		0 |								| 9 13 2 7 13 1 1 
[2]		2 |								| 1 6 13 13 
[1]		0 |								| 


******** STEP 5 ********
[17]		0 |								| 7 15 8 6 9 8 11 4 10 16 
[16]		0 |								| 7 14 5 14 13 2 12 17 6 11 
[15]		0 |								| 12 
[14]		0 |								| 9 2 12 9 11 10 2 10 
[13]		1 |^	17 16 14 14 17 	^| 9 10 16 16 8 5 12 16 1 
[12]		0 |								| 3 10 2 13 15 5 8 11 
[11]		0 |								| 14 7 
[10]		0 |								| 12 6 11 16 14 17 14 9 2 
[9]		0 |								| 8 12 2 3 1 8 
[8]		0 |								| 2 2 10 14 4 4 
[7]		0 |								| 2 2 
[6]		0 |								| 16 13 8 11 12 9 
[5]		0 |								| 4 13 4 6 16 2 2 7 
[4]		0 |								| 6 
[3]		0 |								| 9 13 2 7 13 1 1 
[2]		2 |								| 1 6 13 13 
[1]		0 |								| 


******** STEP 6 ********
[17]		0 |								| 7 15 8 6 9 8 11 4 10 16 
[16]		0 |								| 7 14 5 14 13 2 12 17 6 11 
[15]		0 |								| 12 
[14]		2 |^	17 16 17 	^| 9 2 12 9 11 10 2 10 
[13]		1 |								| 9 10 16 16 8 5 12 16 1 
[12]		0 |								| 3 10 2 13 15 5 8 11 
[11]		0 |								| 14 7 
[10]		0 |								| 12 6 11 16 14 17 14 9 2 
[9]		0 |								| 8 12 2 3 1 8 
[8]		0 |								| 2 2 10 14 4 4 
[7]		0 |								| 2 2 
[6]		0 |								| 16 13 8 11 12 9 
[5]		0 |								| 4 13 4 6 16 2 2 7 
[4]		0 |								| 6 
[3]		0 |								| 9 13 2 7 13 1 1 
[2]		2 |								| 1 6 13 13 
[1]		0 |								| 


******** STEP 7 ********
[17]		0 |								| 7 15 8 6 9 8 11 4 10 16 
[16]		1 |^	17 17 	^| 7 14 5 14 13 2 12 17 6 11 
[15]		0 |								| 12 
[14]		2 |								| 9 2 12 9 11 10 2 10 
[13]		1 |								| 9 10 16 16 8 5 12 16 1 
[12]		0 |								| 3 10 2 13 15 5 8 11 
[11]		0 |								| 14 7 
[10]		0 |								| 12 6 11 16 14 17 14 9 2 
[9]		0 |								| 8 12 2 3 1 8 
[8]		0 |								| 2 2 10 14 4 4 
[7]		0 |								| 2 2 
[6]		0 |								| 16 13 8 11 12 9 
[5]		0 |								| 4 13 4 6 16 2 2 7 
[4]		0 |								| 6 
[3]		0 |								| 9 13 2 7 13 1 1 
[2]		2 |								| 1 6 13 13 
[1]		0 |								| 


******** STEP 8 ********
[17]		0 |								| 7 15 8 6 9 8 11 4 10 16 
[16]		1 |^	17 17 17 	^| 7 14 5 14 13 2 12 6 11 
[15]		0 |								| 12 
[14]		2 |								| 9 2 12 9 11 10 2 10 
[13]		1 |								| 9 10 16 16 8 5 12 16 1 
[12]		0 |								| 3 10 2 13 15 5 8 11 
[11]		0 |								| 14 7 
[10]		0 |								| 12 6 11 16 14 17 14 9 2 
[9]		0 |								| 8 12 2 3 1 8 
[8]		0 |								| 2 2 10 14 4 4 
[7]		0 |								| 2 2 
[6]		0 |								| 16 13 8 11 12 9 
[5]		0 |								| 4 13 4 6 16 2 2 7 
[4]		0 |								| 6 
[3]		0 |								| 9 13 2 7 13 1 1 
[2]		2 |								| 1 6 13 13 
[1]		0 |								| 


******** STEP 9 ********
[17]		3 |^		^| 7 15 8 6 9 8 11 4 10 16 
[16]		1 |								| 7 14 5 14 13 2 12 6 11 
[15]		0 |								| 12 
[14]		2 |								| 9 2 12 9 11 10 2 10 
[13]		1 |								| 9 10 16 16 8 5 12 16 1 
[12]		0 |								| 3 10 2 13 15 5 8 11 
[11]		0 |								| 14 7 
[10]		0 |								| 12 6 11 16 14 17 14 9 2 
[9]		0 |								| 8 12 2 3 1 8 
[8]		0 |								| 2 2 10 14 4 4 
[7]		0 |								| 2 2 
[6]		0 |								| 16 13 8 11 12 9 
[5]		0 |								| 4 13 4 6 16 2 2 7 
[4]		0 |								| 6 
[3]		0 |								| 9 13 2 7 13 1 1 
[2]		2 |								| 1 6 13 13 
[1]		0 |								| 


******** STEP 10 ********
[17]		3 |^	4 6 7 8 8 	^| 15 9 11 10 16 
[16]		1 |								| 7 14 5 14 13 2 12 6 11 
[15]		0 |								| 12 
[14]		2 |								| 9 2 12 9 11 10 2 10 
[13]		1 |								| 9 10 16 16 8 5 12 16 1 
[12]		0 |								| 3 10 2 13 15 5 8 11 
[11]		0 |								| 14 7 
[10]		0 |								| 12 6 11 16 14 17 14 9 2 
[9]		0 |								| 8 12 2 3 1 8 
[8]		0 |								| 2 2 10 14 4 4 
[7]		0 |								| 2 2 
[6]		0 |								| 16 13 8 11 12 9 
[5]		0 |								| 4 13 4 6 16 2 2 7 
[4]		0 |								| 6 
[3]		0 |								| 9 13 2 7 13 1 1 
[2]		2 |								| 1 6 13 13 
[1]		0 |								| 


******** STEP 11 ********
[17]		3 |								| 15 9 11 10 16 
[16]		1 |								| 7 14 5 14 13 2 12 6 11 
[15]		0 |								| 12 
[14]		2 |								| 9 2 12 9 11 10 2 10 
[13]		1 |								| 9 10 16 16 8 5 12 16 1 
[12]		0 |								| 3 10 2 13 15 5 8 11 
[11]		0 |								| 14 7 
[10]		0 |								| 12 6 11 16 14 17 14 9 2 
[9]		0 |								| 8 12 2 3 1 8 
[8]		2 |v	4 6 7 	v| 2 2 10 14 4 4 
[7]		0 |								| 2 2 
[6]		0 |								| 16 13 8 11 12 9 
[5]		0 |								| 4 13 4 6 16 2 2 7 
[4]		0 |								| 6 
[3]		0 |								| 9 13 2 7 13 1 1 
[2]		2 |								| 1 6 13 13 
[1]		0 |								| 


******** STEP 12 ********
[17]		3 |								| 15 9 11 10 16 
[16]		1 |								| 7 14 5 14 13 2 12 6 11 
[15]		0 |								| 12 
[14]		2 |								| 9 2 12 9 11 10 2 10 
[13]		1 |								| 9 10 16 16 8 5 12 16 1 
[12]		0 |								| 3 10 2 13 15 5 8 11 
[11]		0 |								| 14 7 
[10]		0 |								| 12 6 11 16 14 17 14 9 2 
[9]		0 |								| 8 12 2 3 1 8 
[8]		2 |v	4 6 7 2 2 	v| 10 14 4 4 
[7]		0 |								| 2 2 
[6]		0 |								| 16 13 8 11 12 9 
[5]		0 |								| 4 13 4 6 16 2 2 7 
[4]		0 |								| 6 
[3]		0 |								| 9 13 2 7 13 1 1 
[2]		2 |								| 1 6 13 13 
[1]		0 |								| 


******** STEP 13 ********
[17]		3 |								| 15 9 11 10 16 
[16]		1 |								| 7 14 5 14 13 2 12 6 11 
[15]		0 |								| 12 
[14]		2 |								| 9 2 12 9 11 10 2 10 
[13]		1 |								| 9 10 16 16 8 5 12 16 1 
[12]		0 |								| 3 10 2 13 15 5 8 11 
[11]		0 |								| 14 7 
[10]		0 |								| 12 6 11 16 14 17 14 9 2 
[9]		0 |								| 8 12 2 3 1 8 
[8]		2 |								| 10 14 4 4 
[7]		1 |v	4 6 2 2 	v| 2 2 
[6]		0 |								| 16 13 8 11 12 9 
[5]		0 |								| 4 13 4 6 16 2 2 7 
[4]		0 |								| 6 
[3]		0 |								| 9 13 2 7 13 1 1 
[2]		2 |								| 1 6 13 13 
[1]		0 |								| 


******** STEP 14 ********
[17]		3 |								| 15 9 11 10 16 
[16]		1 |								| 7 14 5 14 13 2 12 6 11 
[15]		0 |								| 12 
[14]		2 |								| 9 2 12 9 11 10 2 10 
[13]		1 |								| 9 10 16 16 8 5 12 16 1 
[12]		0 |								| 3 10 2 13 15 5 8 11 
[11]		0 |								| 14 7 
[10]		0 |								| 12 6 11 16 14 17 14 9 2 
[9]		0 |								| 8 12 2 3 1 8 
[8]		2 |								| 10 14 4 4 
[7]		1 |v	4 6 2 2 2 	v| 2 
[6]		0 |								| 16 13 8 11 12 9 
[5]		0 |								| 4 13 4 6 16 2 2 7 
[4]		0 |								| 6 
[3]		0 |								| 9 13 2 7 13 1 1 
[2]		2 |								| 1 6 13 13 
[1]		0 |								| 


******** STEP 15 ********
[17]		3 |								| 15 9 11 10 16 
[16]		1 |								| 7 14 5 14 13 2 12 6 11 
[15]		0 |								| 12 
[14]		2 |								| 9 2 12 9 11 10 2 10 
[13]		1 |								| 9 10 16 16 8 5 12 16 1 
[12]		0 |								| 3 10 2 13 15 5 8 11 
[11]		0 |								| 14 7 
[10]		0 |								| 12 6 11 16 14 17 14 9 2 
[9]		0 |								| 8 12 2 3 1 8 
[8]		2 |								| 10 14 4 4 
[7]		1 |								| 2 
[6]		1 |v	4 2 2 2 	v| 16 13 8 11 12 9 
[5]		0 |								| 4 13 4 6 16 2 2 7 
[4]		0 |								| 6 
[3]		0 |								| 9 13 2 7 13 1 1 
[2]		2 |								| 1 6 13 13 
[1]		0 |								| 


******** STEP 16 ********
[17]		3 |								| 15 9 11 10 16 
[16]		1 |								| 7 14 5 14 13 2 12 6 11 
[15]		0 |								| 12 
[14]		2 |								| 9 2 12 9 11 10 2 10 
[13]		1 |								| 9 10 16 16 8 5 12 16 1 
[12]		0 |								| 3 10 2 13 15 5 8 11 
[11]		0 |								| 14 7 
[10]		0 |								| 12 6 11 16 14 17 14 9 2 
[9]		0 |								| 8 12 2 3 1 8 
[8]		2 |								| 10 14 4 4 
[7]		1 |								| 2 
[6]		1 |								| 16 13 8 11 12 9 
[5]		0 |v	4 2 2 2 2 	v| 4 13 4 6 16 2 7 
[4]		0 |								| 6 
[3]		0 |								| 9 13 2 7 13 1 1 
[2]		2 |								| 1 6 13 13 
[1]		0 |								| 


******** STEP 17 ********
[17]		3 |								| 15 9 11 10 16 
[16]		1 |								| 7 14 5 14 13 2 12 6 11 
[15]		0 |								| 12 
[14]		2 |								| 9 2 12 9 11 10 2 10 
[13]		1 |								| 9 10 16 16 8 5 12 16 1 
[12]		0 |								| 3 10 2 13 15 5 8 11 
[11]		0 |								| 14 7 
[10]		0 |								| 12 6 11 16 14 17 14 9 2 
[9]		0 |								| 8 12 2 3 1 8 
[8]		2 |								| 10 14 4 4 
[7]		1 |								| 2 
[6]		1 |								| 16 13 8 11 12 9 
[5]		0 |								| 4 13 4 6 16 2 7 
[4]		1 |v	2 2 2 2 	v| 6 
[3]		0 |								| 9 13 2 7 13 1 1 
[2]		2 |								| 1 6 13 13 
[1]		0 |								| 


******** STEP 18 ********
[17]		3 |								| 15 9 11 10 16 
[16]		1 |								| 7 14 5 14 13 2 12 6 11 
[15]		0 |								| 12 
[14]		2 |								| 9 2 12 9 11 10 2 10 
[13]		1 |								| 9 10 16 16 8 5 12 16 1 
[12]		0 |								| 3 10 2 13 15 5 8 11 
[11]		0 |								| 14 7 
[10]		0 |								| 12 6 11 16 14 17 14 9 2 
[9]		0 |								| 8 12 2 3 1 8 
[8]		2 |								| 10 14 4 4 
[7]		1 |								| 2 
[6]		1 |								| 16 13 8 11 12 9 
[5]		0 |								| 4 13 4 6 16 2 7 
[4]		1 |								| 6 
[3]		0 |v	2 2 2 2 1 	v| 9 13 2 7 13 1 
[2]		2 |								| 1 6 13 13 
[1]		0 |								| 


******** STEP 19 ********
[17]		3 |								| 15 9 11 10 16 
[16]		1 |								| 7 14 5 14 13 2 12 6 11 
[15]		0 |								| 12 
[14]		2 |								| 9 2 12 9 11 10 2 10 
[13]		1 |								| 9 10 16 16 8 5 12 16 1 
[12]		0 |								| 3 10 2 13 15 5 8 11 
[11]		0 |								| 14 7 
[10]		0 |								| 12 6 11 16 14 17 14 9 2 
[9]		0 |								| 8 12 2 3 1 8 
[8]		2 |								| 10 14 4 4 
[7]		1 |								| 2 
[6]		1 |								| 16 13 8 11 12 9 
[5]		0 |								| 4 13 4 6 16 2 7 
[4]		1 |								| 6 
[3]		0 |								| 9 13 2 7 13 1 
[2]		6 |v	1 	v| 1 6 13 13 
[1]		0 |								| 


******** STEP 20 ********
[17]		3 |								| 15 9 11 10 16 
[16]		1 |								| 7 14 5 14 13 2 12 6 11 
[15]		0 |								| 12 
[14]		2 |								| 9 2 12 9 11 10 2 10 
[13]		1 |								| 9 10 16 16 8 5 12 16 1 
[12]		0 |								| 3 10 2 13 15 5 8 11 
[11]		0 |								| 14 7 
[10]		0 |								| 12 6 11 16 14 17 14 9 2 
[9]		0 |								| 8 12 2 3 1 8 
[8]		2 |								| 10 14 4 4 
[7]		1 |								| 2 
[6]		1 |								| 16 13 8 11 12 9 
[5]		0 |								| 4 13 4 6 16 2 7 
[4]		1 |								| 6 
[3]		0 |								| 9 13 2 7 13 1 
[2]		6 |v	1 1 	v| 6 13 13 
[1]		0 |								| 


******** STEP 21 ********
[17]		3 |								| 15 9 11 10 16 
[16]		1 |								| 7 14 5 14 13 2 12 6 11 
[15]		0 |								| 12 
[14]		2 |								| 9 2 12 9 11 10 2 10 
[13]		1 |								| 9 10 16 16 8 5 12 16 1 
[12]		0 |								| 3 10 2 13 15 5 8 11 
[11]		0 |								| 14 7 
[10]		0 |								| 12 6 11 16 14 17 14 9 2 
[9]		0 |								| 8 12 2 3 1 8 
[8]		2 |								| 10 14 4 4 
[7]		1 |								| 2 
[6]		1 |								| 16 13 8 11 12 9 
[5]		0 |								| 4 13 4 6 16 2 7 
[4]		1 |								| 6 
[3]		0 |								| 9 13 2 7 13 1 
[2]		6 |								| 6 13 13 
[1]		2 |v		v| 


******** STEP 22 ********
[17]		3 |								| 15 9 11 10 16 
[16]		1 |								| 7 14 5 14 13 2 12 6 11 
[15]		0 |								| 12 
[14]		2 |								| 9 2 12 9 11 10 2 10 
[13]		1 |								| 9 10 16 16 8 5 12 16 1 
[12]		0 |								| 3 10 2 13 15 5 8 11 
[11]		0 |								| 14 7 
[10]		0 |								| 12 6 11 16 14 17 14 9 2 
[9]		0 |								| 8 12 2 3 1 8 
[8]		2 |								| 10 14 4 4 
[7]		1 |								| 2 
[6]		1 |								| 16 13 8 11 12 9 
[5]		0 |								| 4 13 4 6 16 2 7 
[4]		1 |								| 6 
[3]		0 |								| 9 13 2 7 13 1 
[2]		6 |^	13 13 6 	^| 
[1]		2 |								| 


******** STEP 23 ********
[17]		3 |								| 15 9 11 10 16 
[16]		1 |								| 7 14 5 14 13 2 12 6 11 
[15]		0 |								| 12 
[14]		2 |								| 9 2 12 9 11 10 2 10 
[13]		1 |								| 9 10 16 16 8 5 12 16 1 
[12]		0 |								| 3 10 2 13 15 5 8 11 
[11]		0 |								| 14 7 
[10]		0 |								| 12 6 11 16 14 17 14 9 2 
[9]		0 |								| 8 12 2 3 1 8 
[8]		2 |								| 10 14 4 4 
[7]		1 |								| 2 
[6]		1 |								| 16 13 8 11 12 9 
[5]		0 |								| 4 13 4 6 16 2 7 
[4]		1 |								| 6 
[3]		0 |^	13 13 6 13 13 	^| 9 2 7 1 
[2]		6 |								| 
[1]		2 |								| 


******** STEP 24 ********
[17]		3 |								| 15 9 11 10 16 
[16]		1 |								| 7 14 5 14 13 2 12 6 11 
[15]		0 |								| 12 
[14]		2 |								| 9 2 12 9 11 10 2 10 
[13]		1 |								| 9 10 16 16 8 5 12 16 1 
[12]		0 |								| 3 10 2 13 15 5 8 11 
[11]		0 |								| 14 7 
[10]		0 |								| 12 6 11 16 14 17 14 9 2 
[9]		0 |								| 8 12 2 3 1 8 
[8]		2 |								| 10 14 4 4 
[7]		1 |								| 2 
[6]		2 |^	13 13 13 13 	^| 16 13 8 11 12 9 
[5]		0 |								| 4 13 4 6 16 2 7 
[4]		1 |								| 6 
[3]		0 |								| 9 2 7 1 
[2]		6 |								| 
[1]		2 |								| 


******** STEP 25 ********
[17]		3 |								| 15 9 11 10 16 
[16]		1 |								| 7 14 5 14 13 2 12 6 11 
[15]		0 |								| 12 
[14]		2 |								| 9 2 12 9 11 10 2 10 
[13]		1 |								| 9 10 16 16 8 5 12 16 1 
[12]		0 |								| 3 10 2 13 15 5 8 11 
[11]		0 |								| 14 7 
[10]		0 |								| 12 6 11 16 14 17 14 9 2 
[9]		0 |								| 8 12 2 3 1 8 
[8]		2 |								| 10 14 4 4 
[7]		1 |								| 2 
[6]		2 |^	13 13 13 13 16 	^| 13 8 11 12 9 
[5]		0 |								| 4 13 4 6 16 2 7 
[4]		1 |								| 6 
[3]		0 |								| 9 2 7 1 
[2]		6 |								| 
[1]		2 |								| 


******** STEP 26 ********
[17]		3 |								| 15 9 11 10 16 
[16]		1 |								| 7 14 5 14 13 2 12 6 11 
[15]		0 |								| 12 
[14]		2 |								| 9 2 12 9 11 10 2 10 
[13]		5 |^	16 	^| 9 10 16 16 8 5 12 16 1 
[12]		0 |								| 3 10 2 13 15 5 8 11 
[11]		0 |								| 14 7 
[10]		0 |								| 12 6 11 16 14 17 14 9 2 
[9]		0 |								| 8 12 2 3 1 8 
[8]		2 |								| 10 14 4 4 
[7]		1 |								| 2 
[6]		2 |								| 13 8 11 12 9 
[5]		0 |								| 4 13 4 6 16 2 7 
[4]		1 |								| 6 
[3]		0 |								| 9 2 7 1 
[2]		6 |								| 
[1]		2 |								| 


******** STEP 27 ********
[17]		3 |								| 15 9 11 10 16 
[16]		1 |								| 7 14 5 14 13 2 12 6 11 
[15]		0 |								| 12 
[14]		2 |								| 9 2 12 9 11 10 2 10 
[13]		5 |^	16 16 16 16 	^| 9 10 8 5 12 1 
[12]		0 |								| 3 10 2 13 15 5 8 11 
[11]		0 |								| 14 7 
[10]		0 |								| 12 6 11 16 14 17 14 9 2 
[9]		0 |								| 8 12 2 3 1 8 
[8]		2 |								| 10 14 4 4 
[7]		1 |								| 2 
[6]		2 |								| 13 8 11 12 9 
[5]		0 |								| 4 13 4 6 16 2 7 
[4]		1 |								| 6 
[3]		0 |								| 9 2 7 1 
[2]		6 |								| 
[1]		2 |								| 


******** STEP 28 ********
[17]		3 |								| 15 9 11 10 16 
[16]		5 |^		^| 7 14 5 14 13 2 12 6 11 
[15]		0 |								| 12 
[14]		2 |								| 9 2 12 9 11 10 2 10 
[13]		5 |								| 9 10 8 5 12 1 
[12]		0 |								| 3 10 2 13 15 5 8 11 
[11]		0 |								| 14 7 
[10]		0 |								| 12 6 11 16 14 17 14 9 2 
[9]		0 |								| 8 12 2 3 1 8 
[8]		2 |								| 10 14 4 4 
[7]		1 |								| 2 
[6]		2 |								| 13 8 11 12 9 
[5]		0 |								| 4 13 4 6 16 2 7 
[4]		1 |								| 6 
[3]		0 |								| 9 2 7 1 
[2]		6 |								| 
[1]		2 |								| 


******** STEP 29 ********
[17]		3 |								| 15 9 11 10 16 
[16]		5 |^	2 5 6 7 11 	^| 14 14 13 12 
[15]		0 |								| 12 
[14]		2 |								| 9 2 12 9 11 10 2 10 
[13]		5 |								| 9 10 8 5 12 1 
[12]		0 |								| 3 10 2 13 15 5 8 11 
[11]		0 |								| 14 7 
[10]		0 |								| 12 6 11 16 14 17 14 9 2 
[9]		0 |								| 8 12 2 3 1 8 
[8]		2 |								| 10 14 4 4 
[7]		1 |								| 2 
[6]		2 |								| 13 8 11 12 9 
[5]		0 |								| 4 13 4 6 16 2 7 
[4]		1 |								| 6 
[3]		0 |								| 9 2 7 1 
[2]		6 |								| 
[1]		2 |								| 


******** STEP 30 ********
[17]		3 |								| 15 9 11 10 16 
[16]		5 |								| 14 14 13 12 
[15]		0 |								| 12 
[14]		2 |								| 9 2 12 9 11 10 2 10 
[13]		5 |								| 9 10 8 5 12 1 
[12]		0 |								| 3 10 2 13 15 5 8 11 
[11]		1 |v	2 5 6 7 	v| 14 7 
[10]		0 |								| 12 6 11 16 14 17 14 9 2 
[9]		0 |								| 8 12 2 3 1 8 
[8]		2 |								| 10 14 4 4 
[7]		1 |								| 2 
[6]		2 |								| 13 8 11 12 9 
[5]		0 |								| 4 13 4 6 16 2 7 
[4]		1 |								| 6 
[3]		0 |								| 9 2 7 1 
[2]		6 |								| 
[1]		2 |								| 


******** STEP 31 ********
[17]		3 |								| 15 9 11 10 16 
[16]		5 |								| 14 14 13 12 
[15]		0 |								| 12 
[14]		2 |								| 9 2 12 9 11 10 2 10 
[13]		5 |								| 9 10 8 5 12 1 
[12]		0 |								| 3 10 2 13 15 5 8 11 
[11]		1 |v	2 5 6 7 7 	v| 14 
[10]		0 |								| 12 6 11 16 14 17 14 9 2 
[9]		0 |								| 8 12 2 3 1 8 
[8]		2 |								| 10 14 4 4 
[7]		1 |								| 2 
[6]		2 |								| 13 8 11 12 9 
[5]		0 |								| 4 13 4 6 16 2 7 
[4]		1 |								| 6 
[3]		0 |								| 9 2 7 1 
[2]		6 |								| 
[1]		2 |								| 


******** STEP 32 ********
[17]		3 |								| 15 9 11 10 16 
[16]		5 |								| 14 14 13 12 
[15]		0 |								| 12 
[14]		2 |								| 9 2 12 9 11 10 2 10 
[13]		5 |								| 9 10 8 5 12 1 
[12]		0 |								| 3 10 2 13 15 5 8 11 
[11]		1 |								| 14 
[10]		0 |								| 12 6 11 16 14 17 14 9 2 
[9]		0 |								| 8 12 2 3 1 8 
[8]		2 |								| 10 14 4 4 
[7]		3 |v	2 5 6 	v| 2 
[6]		2 |								| 13 8 11 12 9 
[5]		0 |								| 4 13 4 6 16 2 7 
[4]		1 |								| 6 
[3]		0 |								| 9 2 7 1 
[2]		6 |								| 
[1]		2 |								| 


******** STEP 33 ********
[17]		3 |								| 15 9 11 10 16 
[16]		5 |								| 14 14 13 12 
[15]		0 |								| 12 
[14]		2 |								| 9 2 12 9 11 10 2 10 
[13]		5 |								| 9 10 8 5 12 1 
[12]		0 |								| 3 10 2 13 15 5 8 11 
[11]		1 |								| 14 
[10]		0 |								| 12 6 11 16 14 17 14 9 2 
[9]		0 |								| 8 12 2 3 1 8 
[8]		2 |								| 10 14 4 4 
[7]		3 |v	2 5 6 2 	v| 
[6]		2 |								| 13 8 11 12 9 
[5]		0 |								| 4 13 4 6 16 2 7 
[4]		1 |								| 6 
[3]		0 |								| 9 2 7 1 
[2]		6 |								| 
[1]		2 |								| 


******** STEP 34 ********
[17]		3 |								| 15 9 11 10 16 
[16]		5 |								| 14 14 13 12 
[15]		0 |								| 12 
[14]		2 |								| 9 2 12 9 11 10 2 10 
[13]		5 |								| 9 10 8 5 12 1 
[12]		0 |								| 3 10 2 13 15 5 8 11 
[11]		1 |								| 14 
[10]		0 |								| 12 6 11 16 14 17 14 9 2 
[9]		0 |								| 8 12 2 3 1 8 
[8]		2 |								| 10 14 4 4 
[7]		3 |								| 
[6]		3 |v	2 5 2 	v| 13 8 11 12 9 
[5]		0 |								| 4 13 4 6 16 2 7 
[4]		1 |								| 6 
[3]		0 |								| 9 2 7 1 
[2]		6 |								| 
[1]		2 |								| 


******** STEP 35 ********
[17]		3 |								| 15 9 11 10 16 
[16]		5 |								| 14 14 13 12 
[15]		0 |								| 12 
[14]		2 |								| 9 2 12 9 11 10 2 10 
[13]		5 |								| 9 10 8 5 12 1 
[12]		0 |								| 3 10 2 13 15 5 8 11 
[11]		1 |								| 14 
[10]		0 |								| 12 6 11 16 14 17 14 9 2 
[9]		0 |								| 8 12 2 3 1 8 
[8]		2 |								| 10 14 4 4 
[7]		3 |								| 
[6]		3 |								| 13 8 11 12 9 
[5]		1 |v	2 2 	v| 4 13 4 6 16 2 7 
[4]		1 |								| 6 
[3]		0 |								| 9 2 7 1 
[2]		6 |								| 
[1]		2 |								| 


******** STEP 36 ********
[17]		3 |								| 15 9 11 10 16 
[16]		5 |								| 14 14 13 12 
[15]		0 |								| 12 
[14]		2 |								| 9 2 12 9 11 10 2 10 
[13]		5 |								| 9 10 8 5 12 1 
[12]		0 |								| 3 10 2 13 15 5 8 11 
[11]		1 |								| 14 
[10]		0 |								| 12 6 11 16 14 17 14 9 2 
[9]		0 |								| 8 12 2 3 1 8 
[8]		2 |								| 10 14 4 4 
[7]		3 |								| 
[6]		3 |								| 13 8 11 12 9 
[5]		1 |v	2 2 2 4 4 	v| 13 6 16 7 
[4]		1 |								| 6 
[3]		0 |								| 9 2 7 1 
[2]		6 |								| 
[1]		2 |								| 


******** STEP 37 ********
[17]		3 |								| 15 9 11 10 16 
[16]		5 |								| 14 14 13 12 
[15]		0 |								| 12 
[14]		2 |								| 9 2 12 9 11 10 2 10 
[13]		5 |								| 9 10 8 5 12 1 
[12]		0 |								| 3 10 2 13 15 5 8 11 
[11]		1 |								| 14 
[10]		0 |								| 12 6 11 16 14 17 14 9 2 
[9]		0 |								| 8 12 2 3 1 8 
[8]		2 |								| 10 14 4 4 
[7]		3 |								| 
[6]		3 |								| 13 8 11 12 9 
[5]		1 |								| 13 6 16 7 
[4]		3 |v	2 2 2 	v| 6 
[3]		0 |								| 9 2 7 1 
[2]		6 |								| 
[1]		2 |								| 


******** STEP 38 ********
[17]		3 |								| 15 9 11 10 16 
[16]		5 |								| 14 14 13 12 
[15]		0 |								| 12 
[14]		2 |								| 9 2 12 9 11 10 2 10 
[13]		5 |								| 9 10 8 5 12 1 
[12]		0 |								| 3 10 2 13 15 5 8 11 
[11]		1 |								| 14 
[10]		0 |								| 12 6 11 16 14 17 14 9 2 
[9]		0 |								| 8 12 2 3 1 8 
[8]		2 |								| 10 14 4 4 
[7]		3 |								| 
[6]		3 |								| 13 8 11 12 9 
[5]		1 |								| 13 6 16 7 
[4]		3 |								| 6 
[3]		0 |v	2 2 2 1 2 	v| 9 7 
[2]		6 |								| 
[1]		2 |								| 


******** STEP 39 ********
[17]		3 |								| 15 9 11 10 16 
[16]		5 |								| 14 14 13 12 
[15]		0 |								| 12 
[14]		2 |								| 9 2 12 9 11 10 2 10 
[13]		5 |								| 9 10 8 5 12 1 
[12]		0 |								| 3 10 2 13 15 5 8 11 
[11]		1 |								| 14 
[10]		0 |								| 12 6 11 16 14 17 14 9 2 
[9]		0 |								| 8 12 2 3 1 8 
[8]		2 |								| 10 14 4 4 
[7]		3 |								| 
[6]		3 |								| 13 8 11 12 9 
[5]		1 |								| 13 6 16 7 
[4]		3 |								| 6 
[3]		0 |								| 9 7 
[2]		10 |v	1 	v| 
[1]		2 |								| 


******** STEP 40 ********
[17]		3 |								| 15 9 11 10 16 
[16]		5 |								| 14 14 13 12 
[15]		0 |								| 12 
[14]		2 |								| 9 2 12 9 11 10 2 10 
[13]		5 |								| 9 10 8 5 12 1 
[12]		0 |								| 3 10 2 13 15 5 8 11 
[11]		1 |								| 14 
[10]		0 |								| 12 6 11 16 14 17 14 9 2 
[9]		0 |								| 8 12 2 3 1 8 
[8]		2 |								| 10 14 4 4 
[7]		3 |								| 
[6]		3 |								| 13 8 11 12 9 
[5]		1 |								| 13 6 16 7 
[4]		3 |								| 6 
[3]		0 |								| 9 7 
[2]		10 |								| 
[1]		3 |v		v| 


******** STEP 41 ********
[17]		3 |								| 15 9 11 10 16 
[16]		5 |								| 14 14 13 12 
[15]		0 |								| 12 
[14]		2 |								| 9 2 12 9 11 10 2 10 
[13]		5 |								| 9 10 8 5 12 1 
[12]		0 |								| 3 10 2 13 15 5 8 11 
[11]		1 |								| 14 
[10]		0 |								| 12 6 11 16 14 17 14 9 2 
[9]		0 |								| 8 12 2 3 1 8 
[8]		2 |								| 10 14 4 4 
[7]		3 |								| 
[6]		3 |								| 13 8 11 12 9 
[5]		1 |								| 13 6 16 7 
[4]		3 |								| 6 
[3]		0 |^	9 7 	^| 
[2]		10 |								| 
[1]		3 |								| 


******** STEP 42 ********
[17]		3 |								| 15 9 11 10 16 
[16]		5 |								| 14 14 13 12 
[15]		0 |								| 12 
[14]		2 |								| 9 2 12 9 11 10 2 10 
[13]		5 |								| 9 10 8 5 12 1 
[12]		0 |								| 3 10 2 13 15 5 8 11 
[11]		1 |								| 14 
[10]		0 |								| 12 6 11 16 14 17 14 9 2 
[9]		0 |								| 8 12 2 3 1 8 
[8]		2 |								| 10 14 4 4 
[7]		3 |								| 
[6]		3 |								| 13 8 11 12 9 
[5]		1 |								| 13 6 16 7 
[4]		3 |^	9 7 6 	^| 
[3]		0 |								| 
[2]		10 |								| 
[1]		3 |								| 


******** STEP 43 ********
[17]		3 |								| 15 9 11 10 16 
[16]		5 |								| 14 14 13 12 
[15]		0 |								| 12 
[14]		2 |								| 9 2 12 9 11 10 2 10 
[13]		5 |								| 9 10 8 5 12 1 
[12]		0 |								| 3 10 2 13 15 5 8 11 
[11]		1 |								| 14 
[10]		0 |								| 12 6 11 16 14 17 14 9 2 
[9]		0 |								| 8 12 2 3 1 8 
[8]		2 |								| 10 14 4 4 
[7]		3 |								| 
[6]		3 |								| 13 8 11 12 9 
[5]		1 |^	9 7 6 16 13 	^| 6 7 
[4]		3 |								| 
[3]		0 |								| 
[2]		10 |								| 
[1]		3 |								| 


******** STEP 44 ********
[17]		3 |								| 15 9 11 10 16 
[16]		5 |								| 14 14 13 12 
[15]		0 |								| 12 
[14]		2 |								| 9 2 12 9 11 10 2 10 
[13]		5 |								| 9 10 8 5 12 1 
[12]		0 |								| 3 10 2 13 15 5 8 11 
[11]		1 |								| 14 
[10]		0 |								| 12 6 11 16 14 17 14 9 2 
[9]		0 |								| 8 12 2 3 1 8 
[8]		2 |								| 10 14 4 4 
[7]		3 |								| 
[6]		4 |^	9 7 16 13 	^| 13 8 11 12 9 
[5]		1 |								| 6 7 
[4]		3 |								| 
[3]		0 |								| 
[2]		10 |								| 
[1]		3 |								| 


******** STEP 45 ********
[17]		3 |								| 15 9 11 10 16 
[16]		5 |								| 14 14 13 12 
[15]		0 |								| 12 
[14]		2 |								| 9 2 12 9 11 10 2 10 
[13]		5 |								| 9 10 8 5 12 1 
[12]		0 |								| 3 10 2 13 15 5 8 11 
[11]		1 |								| 14 
[10]		0 |								| 12 6 11 16 14 17 14 9 2 
[9]		0 |								| 8 12 2 3 1 8 
[8]		2 |								| 10 14 4 4 
[7]		3 |								| 
[6]		4 |^	9 7 16 13 13 	^| 8 11 12 9 
[5]		1 |								| 6 7 
[4]		3 |								| 
[3]		0 |								| 
[2]		10 |								| 
[1]		3 |								| 


******** STEP 46 ********
[17]		3 |								| 15 9 11 10 16 
[16]		5 |								| 14 14 13 12 
[15]		0 |								| 12 
[14]		2 |								| 9 2 12 9 11 10 2 10 
[13]		5 |								| 9 10 8 5 12 1 
[12]		0 |								| 3 10 2 13 15 5 8 11 
[11]		1 |								| 14 
[10]		0 |								| 12 6 11 16 14 17 14 9 2 
[9]		0 |								| 8 12 2 3 1 8 
[8]		2 |								| 10 14 4 4 
[7]		4 |^	9 16 13 13 	^| 
[6]		4 |								| 8 11 12 9 
[5]		1 |								| 6 7 
[4]		3 |								| 
[3]		0 |								| 
[2]		10 |								| 
[1]		3 |								| 


******** STEP 47 ********
[17]		3 |								| 15 9 11 10 16 
[16]		5 |								| 14 14 13 12 
[15]		0 |								| 12 
[14]		2 |								| 9 2 12 9 11 10 2 10 
[13]		5 |								| 9 10 8 5 12 1 
[12]		0 |								| 3 10 2 13 15 5 8 11 
[11]		1 |								| 14 
[10]		0 |								| 12 6 11 16 14 17 14 9 2 
[9]		0 |								| 8 12 2 3 1 8 
[8]		2 |^	9 16 13 13 14 	^| 10 4 4 
[7]		4 |								| 
[6]		4 |								| 8 11 12 9 
[5]		1 |								| 6 7 
[4]		3 |								| 
[3]		0 |								| 
[2]		10 |								| 
[1]		3 |								| 


******** STEP 48 ********
[17]		3 |								| 15 9 11 10 16 
[16]		5 |								| 14 14 13 12 
[15]		0 |								| 12 
[14]		2 |								| 9 2 12 9 11 10 2 10 
[13]		5 |								| 9 10 8 5 12 1 
[12]		0 |								| 3 10 2 13 15 5 8 11 
[11]		1 |								| 14 
[10]		0 |								| 12 6 11 16 14 17 14 9 2 
[9]		1 |^	16 13 13 14 	^| 8 12 2 3 1 8 
[8]		2 |								| 10 4 4 
[7]		4 |								| 
[6]		4 |								| 8 11 12 9 
[5]		1 |								| 6 7 
[4]		3 |								| 
[3]		0 |								| 
[2]		10 |								| 
[1]		3 |								| 


******** STEP 49 ********
[17]		3 |								| 15 9 11 10 16 
[16]		5 |								| 14 14 13 12 
[15]		0 |								| 12 
[14]		2 |								| 9 2 12 9 11 10 2 10 
[13]		5 |								| 9 10 8 5 12 1 
[12]		0 |								| 3 10 2 13 15 5 8 11 
[11]		1 |								| 14 
[10]		0 |								| 12 6 11 16 14 17 14 9 2 
[9]		1 |^	16 13 13 14 12 	^| 8 2 3 1 8 
[8]		2 |								| 10 4 4 
[7]		4 |								| 
[6]		4 |								| 8 11 12 9 
[5]		1 |								| 6 7 
[4]		3 |								| 
[3]		0 |								| 
[2]		10 |								| 
[1]		3 |								| 


******** STEP 50 ********
[17]		3 |								| 15 9 11 10 16 
[16]		5 |								| 14 14 13 12 
[15]		0 |								| 12 
[14]		2 |								| 9 2 12 9 11 10 2 10 
[13]		5 |								| 9 10 8 5 12 1 
[12]		1 |^	16 13 13 14 	^| 3 10 2 13 15 5 8 11 
[11]		1 |								| 14 
[10]		0 |								| 12 6 11 16 14 17 14 9 2 
[9]		1 |								| 8 2 3 1 8 
[8]		2 |								| 10 4 4 
[7]		4 |								| 
[6]		4 |								| 8 11 12 9 
[5]		1 |								| 6 7 
[4]		3 |								| 
[3]		0 |								| 
[2]		10 |								| 
[1]		3 |								| 


******** STEP 51 ********
[17]		3 |								| 15 9 11 10 16 
[16]		5 |								| 14 14 13 12 
[15]		0 |								| 12 
[14]		2 |								| 9 2 12 9 11 10 2 10 
[13]		5 |								| 9 10 8 5 12 1 
[12]		1 |^	16 13 13 14 15 	^| 3 10 2 13 5 8 11 
[11]		1 |								| 14 
[10]		0 |								| 12 6 11 16 14 17 14 9 2 
[9]		1 |								| 8 2 3 1 8 
[8]		2 |								| 10 4 4 
[7]		4 |								| 
[6]		4 |								| 8 11 12 9 
[5]		1 |								| 6 7 
[4]		3 |								| 
[3]		0 |								| 
[2]		10 |								| 
[1]		3 |								| 


******** STEP 52 ********
[17]		3 |								| 15 9 11 10 16 
[16]		5 |								| 14 14 13 12 
[15]		0 |								| 12 
[14]		2 |								| 9 2 12 9 11 10 2 10 
[13]		7 |^	16 14 15 	^| 9 10 8 5 12 1 
[12]		1 |								| 3 10 2 13 5 8 11 
[11]		1 |								| 14 
[10]		0 |								| 12 6 11 16 14 17 14 9 2 
[9]		1 |								| 8 2 3 1 8 
[8]		2 |								| 10 4 4 
[7]		4 |								| 
[6]		4 |								| 8 11 12 9 
[5]		1 |								| 6 7 
[4]		3 |								| 
[3]		0 |								| 
[2]		10 |								| 
[1]		3 |								| 


******** STEP 53 ********
[17]		3 |								| 15 9 11 10 16 
[16]		5 |								| 14 14 13 12 
[15]		0 |								| 12 
[14]		3 |^	16 15 	^| 9 2 12 9 11 10 2 10 
[13]		7 |								| 9 10 8 5 12 1 
[12]		1 |								| 3 10 2 13 5 8 11 
[11]		1 |								| 14 
[10]		0 |								| 12 6 11 16 14 17 14 9 2 
[9]		1 |								| 8 2 3 1 8 
[8]		2 |								| 10 4 4 
[7]		4 |								| 
[6]		4 |								| 8 11 12 9 
[5]		1 |								| 6 7 
[4]		3 |								| 
[3]		0 |								| 
[2]		10 |								| 
[1]		3 |								| 


******** STEP 54 ********
[17]		3 |								| 15 9 11 10 16 
[16]		5 |								| 14 14 13 12 
[15]		1 |^	16 	^| 12 
[14]		3 |								| 9 2 12 9 11 10 2 10 
[13]		7 |								| 9 10 8 5 12 1 
[12]		1 |								| 3 10 2 13 5 8 11 
[11]		1 |								| 14 
[10]		0 |								| 12 6 11 16 14 17 14 9 2 
[9]		1 |								| 8 2 3 1 8 
[8]		2 |								| 10 4 4 
[7]		4 |								| 
[6]		4 |								| 8 11 12 9 
[5]		1 |								| 6 7 
[4]		3 |								| 
[3]		0 |								| 
[2]		10 |								| 
[1]		3 |								| 


******** STEP 55 ********
[17]		3 |								| 15 9 11 10 16 
[16]		6 |^		^| 14 14 13 12 
[15]		1 |								| 12 
[14]		3 |								| 9 2 12 9 11 10 2 10 
[13]		7 |								| 9 10 8 5 12 1 
[12]		1 |								| 3 10 2 13 5 8 11 
[11]		1 |								| 14 
[10]		0 |								| 12 6 11 16 14 17 14 9 2 
[9]		1 |								| 8 2 3 1 8 
[8]		2 |								| 10 4 4 
[7]		4 |								| 
[6]		4 |								| 8 11 12 9 
[5]		1 |								| 6 7 
[4]		3 |								| 
[3]		0 |								| 
[2]		10 |								| 
[1]		3 |								| 


******** STEP 56 ********
[17]		3 |								| 15 9 11 10 16 
[16]		6 |^	12 13 14 14 	^| 
[15]		1 |								| 12 
[14]		3 |								| 9 2 12 9 11 10 2 10 
[13]		7 |								| 9 10 8 5 12 1 
[12]		1 |								| 3 10 2 13 5 8 11 
[11]		1 |								| 14 
[10]		0 |								| 12 6 11 16 14 17 14 9 2 
[9]		1 |								| 8 2 3 1 8 
[8]		2 |								| 10 4 4 
[7]		4 |								| 
[6]		4 |								| 8 11 12 9 
[5]		1 |								| 6 7 
[4]		3 |								| 
[3]		0 |								| 
[2]		10 |								| 
[1]		3 |								| 


******** STEP 57 ********
[17]		3 |								| 15 9 11 10 16 
[16]		6 |								| 
[15]		1 |v	12 13 14 14 12 	v| 
[14]		3 |								| 9 2 12 9 11 10 2 10 
[13]		7 |								| 9 10 8 5 12 1 
[12]		1 |								| 3 10 2 13 5 8 11 
[11]		1 |								| 14 
[10]		0 |								| 12 6 11 16 14 17 14 9 2 
[9]		1 |								| 8 2 3 1 8 
[8]		2 |								| 10 4 4 
[7]		4 |								| 
[6]		4 |								| 8 11 12 9 
[5]		1 |								| 6 7 
[4]		3 |								| 
[3]		0 |								| 
[2]		10 |								| 
[1]		3 |								| 


******** STEP 58 ********
[17]		3 |								| 15 9 11 10 16 
[16]		6 |								| 
[15]		1 |								| 
[14]		5 |v	12 13 12 	v| 9 2 12 9 11 10 2 10 
[13]		7 |								| 9 10 8 5 12 1 
[12]		1 |								| 3 10 2 13 5 8 11 
[11]		1 |								| 14 
[10]		0 |								| 12 6 11 16 14 17 14 9 2 
[9]		1 |								| 8 2 3 1 8 
[8]		2 |								| 10 4 4 
[7]		4 |								| 
[6]		4 |								| 8 11 12 9 
[5]		1 |								| 6 7 
[4]		3 |								| 
[3]		0 |								| 
[2]		10 |								| 
[1]		3 |								| 


******** STEP 59 ********
[17]		3 |								| 15 9 11 10 16 
[16]		6 |								| 
[15]		1 |								| 
[14]		5 |v	12 13 12 2 2 	v| 9 12 9 11 10 10 
[13]		7 |								| 9 10 8 5 12 1 
[12]		1 |								| 3 10 2 13 5 8 11 
[11]		1 |								| 14 
[10]		0 |								| 12 6 11 16 14 17 14 9 2 
[9]		1 |								| 8 2 3 1 8 
[8]		2 |								| 10 4 4 
[7]		4 |								| 
[6]		4 |								| 8 11 12 9 
[5]		1 |								| 6 7 
[4]		3 |								| 
[3]		0 |								| 
[2]		10 |								| 
[1]		3 |								| 


******** STEP 60 ********
[17]		3 |								| 15 9 11 10 16 
[16]		6 |								| 
[15]		1 |								| 
[14]		5 |								| 9 12 9 11 10 10 
[13]		8 |v	12 12 2 2 	v| 9 10 8 5 12 1 
[12]		1 |								| 3 10 2 13 5 8 11 
[11]		1 |								| 14 
[10]		0 |								| 12 6 11 16 14 17 14 9 2 
[9]		1 |								| 8 2 3 1 8 
[8]		2 |								| 10 4 4 
[7]		4 |								| 
[6]		4 |								| 8 11 12 9 
[5]		1 |								| 6 7 
[4]		3 |								| 
[3]		0 |								| 
[2]		10 |								| 
[1]		3 |								| 


******** STEP 61 ********
[17]		3 |								| 15 9 11 10 16 
[16]		6 |								| 
[15]		1 |								| 
[14]		5 |								| 9 12 9 11 10 10 
[13]		8 |v	12 12 2 2 1 	v| 9 10 8 5 12 
[12]		1 |								| 3 10 2 13 5 8 11 
[11]		1 |								| 14 
[10]		0 |								| 12 6 11 16 14 17 14 9 2 
[9]		1 |								| 8 2 3 1 8 
[8]		2 |								| 10 4 4 
[7]		4 |								| 
[6]		4 |								| 8 11 12 9 
[5]		1 |								| 6 7 
[4]		3 |								| 
[3]		0 |								| 
[2]		10 |								| 
[1]		3 |								| 


******** STEP 62 ********
[17]		3 |								| 15 9 11 10 16 
[16]		6 |								| 
[15]		1 |								| 
[14]		5 |								| 9 12 9 11 10 10 
[13]		8 |								| 9 10 8 5 12 
[12]		3 |v	2 2 1 	v| 3 10 2 13 5 8 11 
[11]		1 |								| 14 
[10]		0 |								| 12 6 11 16 14 17 14 9 2 
[9]		1 |								| 8 2 3 1 8 
[8]		2 |								| 10 4 4 
[7]		4 |								| 
[6]		4 |								| 8 11 12 9 
[5]		1 |								| 6 7 
[4]		3 |								| 
[3]		0 |								| 
[2]		10 |								| 
[1]		3 |								| 


******** STEP 63 ********
[17]		3 |								| 15 9 11 10 16 
[16]		6 |								| 
[15]		1 |								| 
[14]		5 |								| 9 12 9 11 10 10 
[13]		8 |								| 9 10 8 5 12 
[12]		3 |v	2 2 1 2 3 	v| 10 13 5 8 11 
[11]		1 |								| 14 
[10]		0 |								| 12 6 11 16 14 17 14 9 2 
[9]		1 |								| 8 2 3 1 8 
[8]		2 |								| 10 4 4 
[7]		4 |								| 
[6]		4 |								| 8 11 12 9 
[5]		1 |								| 6 7 
[4]		3 |								| 
[3]		0 |								| 
[2]		10 |								| 
[1]		3 |								| 


******** STEP 64 ********
[17]		3 |								| 15 9 11 10 16 
[16]		6 |								| 
[15]		1 |								| 
[14]		5 |								| 9 12 9 11 10 10 
[13]		8 |								| 9 10 8 5 12 
[12]		3 |								| 10 13 5 8 11 
[11]		1 |								| 14 
[10]		0 |								| 12 6 11 16 14 17 14 9 2 
[9]		1 |								| 8 2 3 1 8 
[8]		2 |								| 10 4 4 
[7]		4 |								| 
[6]		4 |								| 8 11 12 9 
[5]		1 |								| 6 7 
[4]		3 |								| 
[3]		1 |v	2 2 1 2 	v| 
[2]		10 |								| 
[1]		3 |								| 


******** STEP 65 ********
[17]		3 |								| 15 9 11 10 16 
[16]		6 |								| 
[15]		1 |								| 
[14]		5 |								| 9 12 9 11 10 10 
[13]		8 |								| 9 10 8 5 12 
[12]		3 |								| 10 13 5 8 11 
[11]		1 |								| 14 
[10]		0 |								| 12 6 11 16 14 17 14 9 2 
[9]		1 |								| 8 2 3 1 8 
[8]		2 |								| 10 4 4 
[7]		4 |								| 
[6]		4 |								| 8 11 12 9 
[5]		1 |								| 6 7 
[4]		3 |								| 
[3]		1 |								| 
[2]		13 |v	1 	v| 
[1]		3 |								| 


******** STEP 66 ********
[17]		3 |								| 15 9 11 10 16 
[16]		6 |								| 
[15]		1 |								| 
[14]		5 |								| 9 12 9 11 10 10 
[13]		8 |								| 9 10 8 5 12 
[12]		3 |								| 10 13 5 8 11 
[11]		1 |								| 14 
[10]		0 |								| 12 6 11 16 14 17 14 9 2 
[9]		1 |								| 8 2 3 1 8 
[8]		2 |								| 10 4 4 
[7]		4 |								| 
[6]		4 |								| 8 11 12 9 
[5]		1 |								| 6 7 
[4]		3 |								| 
[3]		1 |								| 
[2]		13 |								| 
[1]		4 |v		v| 


******** STEP 67 ********
[17]		3 |								| 15 9 11 10 16 
[16]		6 |								| 
[15]		1 |								| 
[14]		5 |								| 9 12 9 11 10 10 
[13]		8 |								| 9 10 8 5 12 
[12]		3 |								| 10 13 5 8 11 
[11]		1 |								| 14 
[10]		0 |								| 12 6 11 16 14 17 14 9 2 
[9]		1 |								| 8 2 3 1 8 
[8]		2 |								| 10 4 4 
[7]		4 |								| 
[6]		4 |								| 8 11 12 9 
[5]		1 |^	7 6 	^| 
[4]		3 |								| 
[3]		1 |								| 
[2]		13 |								| 
[1]		4 |								| 


******** STEP 68 ********
[17]		3 |								| 15 9 11 10 16 
[16]		6 |								| 
[15]		1 |								| 
[14]		5 |								| 9 12 9 11 10 10 
[13]		8 |								| 9 10 8 5 12 
[12]		3 |								| 10 13 5 8 11 
[11]		1 |								| 14 
[10]		0 |								| 12 6 11 16 14 17 14 9 2 
[9]		1 |								| 8 2 3 1 8 
[8]		2 |								| 10 4 4 
[7]		4 |								| 
[6]		5 |^	7 	^| 8 11 12 9 
[5]		1 |								| 
[4]		3 |								| 
[3]		1 |								| 
[2]		13 |								| 
[1]		4 |								| 


******** STEP 69 ********
[17]		3 |								| 15 9 11 10 16 
[16]		6 |								| 
[15]		1 |								| 
[14]		5 |								| 9 12 9 11 10 10 
[13]		8 |								| 9 10 8 5 12 
[12]		3 |								| 10 13 5 8 11 
[11]		1 |								| 14 
[10]		0 |								| 12 6 11 16 14 17 14 9 2 
[9]		1 |								| 8 2 3 1 8 
[8]		2 |								| 10 4 4 
[7]		4 |								| 
[6]		5 |^	7 12 11 9 8 	^| 
[5]		1 |								| 
[4]		3 |								| 
[3]		1 |								| 
[2]		13 |								| 
[1]		4 |								| 


******** STEP 70 ********
[17]		3 |								| 15 9 11 10 16 
[16]		6 |								| 
[15]		1 |								| 
[14]		5 |								| 9 12 9 11 10 10 
[13]		8 |								| 9 10 8 5 12 
[12]		3 |								| 10 13 5 8 11 
[11]		1 |								| 14 
[10]		0 |								| 12 6 11 16 14 17 14 9 2 
[9]		1 |								| 8 2 3 1 8 
[8]		2 |								| 10 4 4 
[7]		5 |^	12 11 9 8 	^| 
[6]		5 |								| 
[5]		1 |								| 
[4]		3 |								| 
[3]		1 |								| 
[2]		13 |								| 
[1]		4 |								| 


******** STEP 71 ********
[17]		3 |								| 15 9 11 10 16 
[16]		6 |								| 
[15]		1 |								| 
[14]		5 |								| 9 12 9 11 10 10 
[13]		8 |								| 9 10 8 5 12 
[12]		3 |								| 10 13 5 8 11 
[11]		1 |								| 14 
[10]		0 |								| 12 6 11 16 14 17 14 9 2 
[9]		1 |								| 8 2 3 1 8 
[8]		3 |^	12 11 9 	^| 10 4 4 
[7]		5 |								| 
[6]		5 |								| 
[5]		1 |								| 
[4]		3 |								| 
[3]		1 |								| 
[2]		13 |								| 
[1]		4 |								| 


******** STEP 72 ********
[17]		3 |								| 15 9 11 10 16 
[16]		6 |								| 
[15]		1 |								| 
[14]		5 |								| 9 12 9 11 10 10 
[13]		8 |								| 9 10 8 5 12 
[12]		3 |								| 10 13 5 8 11 
[11]		1 |								| 14 
[10]		0 |								| 12 6 11 16 14 17 14 9 2 
[9]		1 |								| 8 2 3 1 8 
[8]		3 |^	12 11 9 10 	^| 4 4 
[7]		5 |								| 
[6]		5 |								| 
[5]		1 |								| 
[4]		3 |								| 
[3]		1 |								| 
[2]		13 |								| 
[1]		4 |								| 


******** STEP 73 ********
[17]		3 |								| 15 9 11 10 16 
[16]		6 |								| 
[15]		1 |								| 
[14]		5 |								| 9 12 9 11 10 10 
[13]		8 |								| 9 10 8 5 12 
[12]		3 |								| 10 13 5 8 11 
[11]		1 |								| 14 
[10]		0 |								| 12 6 11 16 14 17 14 9 2 
[9]		2 |^	12 11 10 	^| 8 2 3 1 8 
[8]		3 |								| 4 4 
[7]		5 |								| 
[6]		5 |								| 
[5]		1 |								| 
[4]		3 |								| 
[3]		1 |								| 
[2]		13 |								| 
[1]		4 |								| 


******** STEP 74 ********
[17]		3 |								| 15 9 11 10 16 
[16]		6 |								| 
[15]		1 |								| 
[14]		5 |								| 9 12 9 11 10 10 
[13]		8 |								| 9 10 8 5 12 
[12]		3 |								| 10 13 5 8 11 
[11]		1 |								| 14 
[10]		1 |^	12 11 	^| 12 6 11 16 14 17 14 9 2 
[9]		2 |								| 8 2 3 1 8 
[8]		3 |								| 4 4 
[7]		5 |								| 
[6]		5 |								| 
[5]		1 |								| 
[4]		3 |								| 
[3]		1 |								| 
[2]		13 |								| 
[1]		4 |								| 


******** STEP 75 ********
[17]		3 |								| 15 9 11 10 16 
[16]		6 |								| 
[15]		1 |								| 
[14]		5 |								| 9 12 9 11 10 10 
[13]		8 |								| 9 10 8 5 12 
[12]		3 |								| 10 13 5 8 11 
[11]		1 |								| 14 
[10]		1 |^	12 11 17 16 14 	^| 12 6 11 14 9 2 
[9]		2 |								| 8 2 3 1 8 
[8]		3 |								| 4 4 
[7]		5 |								| 
[6]		5 |								| 
[5]		1 |								| 
[4]		3 |								| 
[3]		1 |								| 
[2]		13 |								| 
[1]		4 |								| 


******** STEP 76 ********
[17]		3 |								| 15 9 11 10 16 
[16]		6 |								| 
[15]		1 |								| 
[14]		5 |								| 9 12 9 11 10 10 
[13]		8 |								| 9 10 8 5 12 
[12]		3 |								| 10 13 5 8 11 
[11]		2 |^	12 17 16 14 	^| 14 
[10]		1 |								| 12 6 11 14 9 2 
[9]		2 |								| 8 2 3 1 8 
[8]		3 |								| 4 4 
[7]		5 |								| 
[6]		5 |								| 
[5]		1 |								| 
[4]		3 |								| 
[3]		1 |								| 
[2]		13 |								| 
[1]		4 |								| 


******** STEP 77 ********
[17]		3 |								| 15 9 11 10 16 
[16]		6 |								| 
[15]		1 |								| 
[14]		5 |								| 9 12 9 11 10 10 
[13]		8 |								| 9 10 8 5 12 
[12]		3 |								| 10 13 5 8 11 
[11]		2 |^	12 17 16 14 14 	^| 
[10]		1 |								| 12 6 11 14 9 2 
[9]		2 |								| 8 2 3 1 8 
[8]		3 |								| 4 4 
[7]		5 |								| 
[6]		5 |								| 
[5]		1 |								| 
[4]		3 |								| 
[3]		1 |								| 
[2]		13 |								| 
[1]		4 |								| 


******** STEP 78 ********
[17]		3 |								| 15 9 11 10 16 
[16]		6 |								| 
[15]		1 |								| 
[14]		5 |								| 9 12 9 11 10 10 
[13]		8 |								| 9 10 8 5 12 
[12]		4 |^	17 16 14 14 	^| 10 13 5 8 11 
[11]		2 |								| 
[10]		1 |								| 12 6 11 14 9 2 
[9]		2 |								| 8 2 3 1 8 
[8]		3 |								| 4 4 
[7]		5 |								| 
[6]		5 |								| 
[5]		1 |								| 
[4]		3 |								| 
[3]		1 |								| 
[2]		13 |								| 
[1]		4 |								| 


******** STEP 79 ********
[17]		3 |								| 15 9 11 10 16 
[16]		6 |								| 
[15]		1 |								| 
[14]		5 |								| 9 12 9 11 10 10 
[13]		8 |								| 9 10 8 5 12 
[12]		4 |^	17 16 14 14 13 	^| 10 5 8 11 
[11]		2 |								| 
[10]		1 |								| 12 6 11 14 9 2 
[9]		2 |								| 8 2 3 1 8 
[8]		3 |								| 4 4 
[7]		5 |								| 
[6]		5 |								| 
[5]		1 |								| 
[4]		3 |								| 
[3]		1 |								| 
[2]		13 |								| 
[1]		4 |								| 


******** STEP 80 ********
[17]		3 |								| 15 9 11 10 16 
[16]		6 |								| 
[15]		1 |								| 
[14]		5 |								| 9 12 9 11 10 10 
[13]		9 |^	17 16 14 14 	^| 9 10 8 5 12 
[12]		4 |								| 10 5 8 11 
[11]		2 |								| 
[10]		1 |								| 12 6 11 14 9 2 
[9]		2 |								| 8 2 3 1 8 
[8]		3 |								| 4 4 
[7]		5 |								| 
[6]		5 |								| 
[5]		1 |								| 
[4]		3 |								| 
[3]		1 |								| 
[2]		13 |								| 
[1]		4 |								| 


******** STEP 81 ********
[17]		3 |								| 15 9 11 10 16 
[16]		6 |								| 
[15]		1 |								| 
[14]		7 |^	17 16 	^| 9 12 9 11 10 10 
[13]		9 |								| 9 10 8 5 12 
[12]		4 |								| 10 5 8 11 
[11]		2 |								| 
[10]		1 |								| 12 6 11 14 9 2 
[9]		2 |								| 8 2 3 1 8 
[8]		3 |								| 4 4 
[7]		5 |								| 
[6]		5 |								| 
[5]		1 |								| 
[4]		3 |								| 
[3]		1 |								| 
[2]		13 |								| 
[1]		4 |								| 


******** STEP 82 ********
[17]		3 |								| 15 9 11 10 16 
[16]		7 |^	17 	^| 
[15]		1 |								| 
[14]		7 |								| 9 12 9 11 10 10 
[13]		9 |								| 9 10 8 5 12 
[12]		4 |								| 10 5 8 11 
[11]		2 |								| 
[10]		1 |								| 12 6 11 14 9 2 
[9]		2 |								| 8 2 3 1 8 
[8]		3 |								| 4 4 
[7]		5 |								| 
[6]		5 |								| 
[5]		1 |								| 
[4]		3 |								| 
[3]		1 |								| 
[2]		13 |								| 
[1]		4 |								| 


******** STEP 83 ********
[17]		4 |^		^| 15 9 11 10 16 
[16]		7 |								| 
[15]		1 |								| 
[14]		7 |								| 9 12 9 11 10 10 
[13]		9 |								| 9 10 8 5 12 
[12]		4 |								| 10 5 8 11 
[11]		2 |								| 
[10]		1 |								| 12 6 11 14 9 2 
[9]		2 |								| 8 2 3 1 8 
[8]		3 |								| 4 4 
[7]		5 |								| 
[6]		5 |								| 
[5]		1 |								| 
[4]		3 |								| 
[3]		1 |								| 
[2]		13 |								| 
[1]		4 |								| 


******** STEP 84 ********
[17]		4 |^	9 10 11 15 16 	^| 
[16]		7 |								| 
[15]		1 |								| 
[14]		7 |								| 9 12 9 11 10 10 
[13]		9 |								| 9 10 8 5 12 
[12]		4 |								| 10 5 8 11 
[11]		2 |								| 
[10]		1 |								| 12 6 11 14 9 2 
[9]		2 |								| 8 2 3 1 8 
[8]		3 |								| 4 4 
[7]		5 |								| 
[6]		5 |								| 
[5]		1 |								| 
[4]		3 |								| 
[3]		1 |								| 
[2]		13 |								| 
[1]		4 |								| 


******** STEP 85 ********
[17]		4 |								| 
[16]		8 |v	9 10 11 15 	v| 
[15]		1 |								| 
[14]		7 |								| 9 12 9 11 10 10 
[13]		9 |								| 9 10 8 5 12 
[12]		4 |								| 10 5 8 11 
[11]		2 |								| 
[10]		1 |								| 12 6 11 14 9 2 
[9]		2 |								| 8 2 3 1 8 
[8]		3 |								| 4 4 
[7]		5 |								| 
[6]		5 |								| 
[5]		1 |								| 
[4]		3 |								| 
[3]		1 |								| 
[2]		13 |								| 
[1]		4 |								| 


******** STEP 86 ********
[17]		4 |								| 
[16]		8 |								| 
[15]		2 |v	9 10 11 	v| 
[14]		7 |								| 9 12 9 11 10 10 
[13]		9 |								| 9 10 8 5 12 
[12]		4 |								| 10 5 8 11 
[11]		2 |								| 
[10]		1 |								| 12 6 11 14 9 2 
[9]		2 |								| 8 2 3 1 8 
[8]		3 |								| 4 4 
[7]		5 |								| 
[6]		5 |								| 
[5]		1 |								| 
[4]		3 |								| 
[3]		1 |								| 
[2]		13 |								| 
[1]		4 |								| 


******** STEP 87 ********
[17]		4 |								| 
[16]		8 |								| 
[15]		2 |								| 
[14]		7 |v	9 10 11 9 9 	v| 12 11 10 10 
[13]		9 |								| 9 10 8 5 12 
[12]		4 |								| 10 5 8 11 
[11]		2 |								| 
[10]		1 |								| 12 6 11 14 9 2 
[9]		2 |								| 8 2 3 1 8 
[8]		3 |								| 4 4 
[7]		5 |								| 
[6]		5 |								| 
[5]		1 |								| 
[4]		3 |								| 
[3]		1 |								| 
[2]		13 |								| 
[1]		4 |								| 


******** STEP 88 ********
[17]		4 |								| 
[16]		8 |								| 
[15]		2 |								| 
[14]		7 |								| 12 11 10 10 
[13]		9 |								| 9 10 8 5 12 
[12]		4 |								| 10 5 8 11 
[11]		3 |v	9 10 9 9 	v| 
[10]		1 |								| 12 6 11 14 9 2 
[9]		2 |								| 8 2 3 1 8 
[8]		3 |								| 4 4 
[7]		5 |								| 
[6]		5 |								| 
[5]		1 |								| 
[4]		3 |								| 
[3]		1 |								| 
[2]		13 |								| 
[1]		4 |								| 


******** STEP 89 ********
[17]		4 |								| 
[16]		8 |								| 
[15]		2 |								| 
[14]		7 |								| 12 11 10 10 
[13]		9 |								| 9 10 8 5 12 
[12]		4 |								| 10 5 8 11 
[11]		3 |								| 
[10]		2 |v	9 9 9 	v| 12 6 11 14 9 2 
[9]		2 |								| 8 2 3 1 8 
[8]		3 |								| 4 4 
[7]		5 |								| 
[6]		5 |								| 
[5]		1 |								| 
[4]		3 |								| 
[3]		1 |								| 
[2]		13 |								| 
[1]		4 |								| 


******** STEP 90 ********
[17]		4 |								| 
[16]		8 |								| 
[15]		2 |								| 
[14]		7 |								| 12 11 10 10 
[13]		9 |								| 9 10 8 5 12 
[12]		4 |								| 10 5 8 11 
[11]		3 |								| 
[10]		2 |v	9 9 9 2 6 	v| 12 11 14 9 
[9]		2 |								| 8 2 3 1 8 
[8]		3 |								| 4 4 
[7]		5 |								| 
[6]		5 |								| 
[5]		1 |								| 
[4]		3 |								| 
[3]		1 |								| 
[2]		13 |								| 
[1]		4 |								| 


******** STEP 91 ********
[17]		4 |								| 
[16]		8 |								| 
[15]		2 |								| 
[14]		7 |								| 12 11 10 10 
[13]		9 |								| 9 10 8 5 12 
[12]		4 |								| 10 5 8 11 
[11]		3 |								| 
[10]		2 |								| 12 11 14 9 
[9]		5 |v	2 6 	v| 8 2 3 1 8 
[8]		3 |								| 4 4 
[7]		5 |								| 
[6]		5 |								| 
[5]		1 |								| 
[4]		3 |								| 
[3]		1 |								| 
[2]		13 |								| 
[1]		4 |								| 


******** STEP 92 ********
[17]		4 |								| 
[16]		8 |								| 
[15]		2 |								| 
[14]		7 |								| 12 11 10 10 
[13]		9 |								| 9 10 8 5 12 
[12]		4 |								| 10 5 8 11 
[11]		3 |								| 
[10]		2 |								| 12 11 14 9 
[9]		5 |v	2 6 1 2 3 	v| 8 8 
[8]		3 |								| 4 4 
[7]		5 |								| 
[6]		5 |								| 
[5]		1 |								| 
[4]		3 |								| 
[3]		1 |								| 
[2]		13 |								| 
[1]		4 |								| 


******** STEP 93 ********
[17]		4 |								| 
[16]		8 |								| 
[15]		2 |								| 
[14]		7 |								| 12 11 10 10 
[13]		9 |								| 9 10 8 5 12 
[12]		4 |								| 10 5 8 11 
[11]		3 |								| 
[10]		2 |								| 12 11 14 9 
[9]		5 |								| 8 8 
[8]		3 |								| 4 4 
[7]		5 |								| 
[6]		6 |v	2 1 2 3 	v| 
[5]		1 |								| 
[4]		3 |								| 
[3]		1 |								| 
[2]		13 |								| 
[1]		4 |								| 


******** STEP 94 ********
[17]		4 |								| 
[16]		8 |								| 
[15]		2 |								| 
[14]		7 |								| 12 11 10 10 
[13]		9 |								| 9 10 8 5 12 
[12]		4 |								| 10 5 8 11 
[11]		3 |								| 
[10]		2 |								| 12 11 14 9 
[9]		5 |								| 8 8 
[8]		3 |								| 4 4 
[7]		5 |								| 
[6]		6 |								| 
[5]		1 |								| 
[4]		3 |								| 
[3]		2 |v	2 1 2 	v| 
[2]		13 |								| 
[1]		4 |								| 


******** STEP 95 ********
[17]		4 |								| 
[16]		8 |								| 
[15]		2 |								| 
[14]		7 |								| 12 11 10 10 
[13]		9 |								| 9 10 8 5 12 
[12]		4 |								| 10 5 8 11 
[11]		3 |								| 
[10]		2 |								| 12 11 14 9 
[9]		5 |								| 8 8 
[8]		3 |								| 4 4 
[7]		5 |								| 
[6]		6 |								| 
[5]		1 |								| 
[4]		3 |								| 
[3]		2 |								| 
[2]		15 |v	1 	v| 
[1]		4 |								| 


******** STEP 96 ********
[17]		4 |								| 
[16]		8 |								| 
[15]		2 |								| 
[14]		7 |								| 12 11 10 10 
[13]		9 |								| 9 10 8 5 12 
[12]		4 |								| 10 5 8 11 
[11]		3 |								| 
[10]		2 |								| 12 11 14 9 
[9]		5 |								| 8 8 
[8]		3 |								| 4 4 
[7]		5 |								| 
[6]		6 |								| 
[5]		1 |								| 
[4]		3 |								| 
[3]		2 |								| 
[2]		15 |								| 
[1]		5 |v		v| 


******** STEP 97 ********
[17]		4 |								| 
[16]		8 |								| 
[15]		2 |								| 
[14]		7 |								| 12 11 10 10 
[13]		9 |								| 9 10 8 5 12 
[12]		4 |								| 10 5 8 11 
[11]		3 |								| 
[10]		2 |								| 12 11 14 9 
[9]		5 |								| 8 8 
[8]		3 |^	4 4 	^| 
[7]		5 |								| 
[6]		6 |								| 
[5]		1 |								| 
[4]		3 |								| 
[3]		2 |								| 
[2]		15 |								| 
[1]		5 |								| 


******** STEP 98 ********
[17]		4 |								| 
[16]		8 |								| 
[15]		2 |								| 
[14]		7 |								| 12 11 10 10 
[13]		9 |								| 9 10 8 5 12 
[12]		4 |								| 10 5 8 11 
[11]		3 |								| 
[10]		2 |								| 12 11 14 9 
[9]		5 |								| 8 8 
[8]		3 |								| 
[7]		5 |								| 
[6]		6 |								| 
[5]		1 |								| 
[4]		5 |v		v| 
[3]		2 |								| 
[2]		15 |								| 
[1]		5 |								| 


******** STEP 99 ********
[17]		4 |								| 
[16]		8 |								| 
[15]		2 |								| 
[14]		7 |								| 12 11 10 10 
[13]		9 |								| 9 10 8 5 12 
[12]		4 |								| 10 5 8 11 
[11]		3 |								| 
[10]		2 |								| 12 11 14 9 
[9]		5 |^	8 8 	^| 
[8]		3 |								| 
[7]		5 |								| 
[6]		6 |								| 
[5]		1 |								| 
[4]		5 |								| 
[3]		2 |								| 
[2]		15 |								| 
[1]		5 |								| 


******** STEP 100 ********
[17]		4 |								| 
[16]		8 |								| 
[15]		2 |								| 
[14]		7 |								| 12 11 10 10 
[13]		9 |								| 9 10 8 5 12 
[12]		4 |								| 10 5 8 11 
[11]		3 |								| 
[10]		2 |^	8 8 14 12 11 	^| 9 
[9]		5 |								| 
[8]		3 |								| 
[7]		5 |								| 
[6]		6 |								| 
[5]		1 |								| 
[4]		5 |								| 
[3]		2 |								| 
[2]		15 |								| 
[1]		5 |								| 


******** STEP 101 ********
[17]		4 |								| 
[16]		8 |								| 
[15]		2 |								| 
[14]		7 |								| 12 11 10 10 
[13]		9 |								| 9 10 8 5 12 
[12]		4 |								| 10 5 8 11 
[11]		4 |^	8 8 14 12 	^| 
[10]		2 |								| 9 
[9]		5 |								| 
[8]		3 |								| 
[7]		5 |								| 
[6]		6 |								| 
[5]		1 |								| 
[4]		5 |								| 
[3]		2 |								| 
[2]		15 |								| 
[1]		5 |								| 


******** STEP 102 ********
[17]		4 |								| 
[16]		8 |								| 
[15]		2 |								| 
[14]		7 |								| 12 11 10 10 
[13]		9 |								| 9 10 8 5 12 
[12]		5 |^	8 8 14 	^| 10 5 8 11 
[11]		4 |								| 
[10]		2 |								| 9 
[9]		5 |								| 
[8]		3 |								| 
[7]		5 |								| 
[6]		6 |								| 
[5]		1 |								| 
[4]		5 |								| 
[3]		2 |								| 
[2]		15 |								| 
[1]		5 |								| 


******** STEP 103 ********
[17]		4 |								| 
[16]		8 |								| 
[15]		2 |								| 
[14]		8 |^	8 8 	^| 12 11 10 10 
[13]		9 |								| 9 10 8 5 12 
[12]		5 |								| 10 5 8 11 
[11]		4 |								| 
[10]		2 |								| 9 
[9]		5 |								| 
[8]		3 |								| 
[7]		5 |								| 
[6]		6 |								| 
[5]		1 |								| 
[4]		5 |								| 
[3]		2 |								| 
[2]		15 |								| 
[1]		5 |								| 


******** STEP 104 ********
[17]		4 |								| 
[16]		8 |								| 
[15]		2 |								| 
[14]		8 |								| 12 11 10 10 
[13]		9 |v	8 8 5 8 9 	v| 10 12 
[12]		5 |								| 10 5 8 11 
[11]		4 |								| 
[10]		2 |								| 9 
[9]		5 |								| 
[8]		3 |								| 
[7]		5 |								| 
[6]		6 |								| 
[5]		1 |								| 
[4]		5 |								| 
[3]		2 |								| 
[2]		15 |								| 
[1]		5 |								| 


******** STEP 105 ********
[17]		4 |								| 
[16]		8 |								| 
[15]		2 |								| 
[14]		8 |								| 12 11 10 10 
[13]		9 |								| 10 12 
[12]		5 |								| 10 5 8 11 
[11]		4 |								| 
[10]		2 |								| 9 
[9]		6 |v	8 8 5 8 	v| 
[8]		3 |								| 
[7]		5 |								| 
[6]		6 |								| 
[5]		1 |								| 
[4]		5 |								| 
[3]		2 |								| 
[2]		15 |								| 
[1]		5 |								| 


******** STEP 106 ********
[17]		4 |								| 
[16]		8 |								| 
[15]		2 |								| 
[14]		8 |								| 12 11 10 10 
[13]		9 |								| 10 12 
[12]		5 |								| 10 5 8 11 
[11]		4 |								| 
[10]		2 |								| 9 
[9]		6 |								| 
[8]		6 |v	5 	v| 
[7]		5 |								| 
[6]		6 |								| 
[5]		1 |								| 
[4]		5 |								| 
[3]		2 |								| 
[2]		15 |								| 
[1]		5 |								| 


******** STEP 107 ********
[17]		4 |								| 
[16]		8 |								| 
[15]		2 |								| 
[14]		8 |								| 12 11 10 10 
[13]		9 |								| 10 12 
[12]		5 |								| 10 5 8 11 
[11]		4 |								| 
[10]		2 |								| 9 
[9]		6 |								| 
[8]		6 |								| 
[7]		5 |								| 
[6]		6 |								| 
[5]		2 |v		v| 
[4]		5 |								| 
[3]		2 |								| 
[2]		15 |								| 
[1]		5 |								| 


******** STEP 108 ********
[17]		4 |								| 
[16]		8 |								| 
[15]		2 |								| 
[14]		8 |								| 12 11 10 10 
[13]		9 |								| 10 12 
[12]		5 |								| 10 5 8 11 
[11]		4 |								| 
[10]		2 |^	9 	^| 
[9]		6 |								| 
[8]		6 |								| 
[7]		5 |								| 
[6]		6 |								| 
[5]		2 |								| 
[4]		5 |								| 
[3]		2 |								| 
[2]		15 |								| 
[1]		5 |								| 


******** STEP 109 ********
[17]		4 |								| 
[16]		8 |								| 
[15]		2 |								| 
[14]		8 |								| 12 11 10 10 
[13]		9 |v	9 10 12 	v| 
[12]		5 |								| 10 5 8 11 
[11]		4 |								| 
[10]		2 |								| 
[9]		6 |								| 
[8]		6 |								| 
[7]		5 |								| 
[6]		6 |								| 
[5]		2 |								| 
[4]		5 |								| 
[3]		2 |								| 
[2]		15 |								| 
[1]		5 |								| 


******** STEP 110 ********
[17]		4 |								| 
[16]		8 |								| 
[15]		2 |								| 
[14]		8 |								| 12 11 10 10 
[13]		9 |								| 
[12]		6 |v	9 10 	v| 10 5 8 11 
[11]		4 |								| 
[10]		2 |								| 
[9]		6 |								| 
[8]		6 |								| 
[7]		5 |								| 
[6]		6 |								| 
[5]		2 |								| 
[4]		5 |								| 
[3]		2 |								| 
[2]		15 |								| 
[1]		5 |								| 


******** STEP 111 ********
[17]		4 |								| 
[16]		8 |								| 
[15]		2 |								| 
[14]		8 |								| 12 11 10 10 
[13]		9 |								| 
[12]		6 |v	9 10 5 8 10 	v| 11 
[11]		4 |								| 
[10]		2 |								| 
[9]		6 |								| 
[8]		6 |								| 
[7]		5 |								| 
[6]		6 |								| 
[5]		2 |								| 
[4]		5 |								| 
[3]		2 |								| 
[2]		15 |								| 
[1]		5 |								| 


******** STEP 112 ********
[17]		4 |								| 
[16]		8 |								| 
[15]		2 |								| 
[14]		8 |								| 12 11 10 10 
[13]		9 |								| 
[12]		6 |								| 11 
[11]		4 |								| 
[10]		4 |v	9 5 8 	v| 
[9]		6 |								| 
[8]		6 |								| 
[7]		5 |								| 
[6]		6 |								| 
[5]		2 |								| 
[4]		5 |								| 
[3]		2 |								| 
[2]		15 |								| 
[1]		5 |								| 


******** STEP 113 ********
[17]		4 |								| 
[16]		8 |								| 
[15]		2 |								| 
[14]		8 |								| 12 11 10 10 
[13]		9 |								| 
[12]		6 |								| 11 
[11]		4 |								| 
[10]		4 |								| 
[9]		7 |v	5 8 	v| 
[8]		6 |								| 
[7]		5 |								| 
[6]		6 |								| 
[5]		2 |								| 
[4]		5 |								| 
[3]		2 |								| 
[2]		15 |								| 
[1]		5 |								| 


******** STEP 114 ********
[17]		4 |								| 
[16]		8 |								| 
[15]		2 |								| 
[14]		8 |								| 12 11 10 10 
[13]		9 |								| 
[12]		6 |								| 11 
[11]		4 |								| 
[10]		4 |								| 
[9]		7 |								| 
[8]		7 |v	5 	v| 
[7]		5 |								| 
[6]		6 |								| 
[5]		2 |								| 
[4]		5 |								| 
[3]		2 |								| 
[2]		15 |								| 
[1]		5 |								| 


******** STEP 115 ********
[17]		4 |								| 
[16]		8 |								| 
[15]		2 |								| 
[14]		8 |								| 12 11 10 10 
[13]		9 |								| 
[12]		6 |								| 11 
[11]		4 |								| 
[10]		4 |								| 
[9]		7 |								| 
[8]		7 |								| 
[7]		5 |								| 
[6]		6 |								| 
[5]		3 |v		v| 
[4]		5 |								| 
[3]		2 |								| 
[2]		15 |								| 
[1]		5 |								| 


******** STEP 116 ********
[17]		4 |								| 
[16]		8 |								| 
[15]		2 |								| 
[14]		8 |								| 12 11 10 10 
[13]		9 |								| 
[12]		6 |^	11 	^| 
[11]		4 |								| 
[10]		4 |								| 
[9]		7 |								| 
[8]		7 |								| 
[7]		5 |								| 
[6]		6 |								| 
[5]		3 |								| 
[4]		5 |								| 
[3]		2 |								| 
[2]		15 |								| 
[1]		5 |								| 


******** STEP 117 ********
[17]		4 |								| 
[16]		8 |								| 
[15]		2 |								| 
[14]		8 |								| 12 11 10 10 
[13]		9 |								| 
[12]		6 |								| 
[11]		5 |v		v| 
[10]		4 |								| 
[9]		7 |								| 
[8]		7 |								| 
[7]		5 |								| 
[6]		6 |								| 
[5]		3 |								| 
[4]		5 |								| 
[3]		2 |								| 
[2]		15 |								| 
[1]		5 |								| 


******** STEP 118 ********
[17]		4 |								| 
[16]		8 |								| 
[15]		2 |								| 
[14]		8 |^	10 10 11 12 	^| 
[13]		9 |								| 
[12]		6 |								| 
[11]		5 |								| 
[10]		4 |								| 
[9]		7 |								| 
[8]		7 |								| 
[7]		5 |								| 
[6]		6 |								| 
[5]		3 |								| 
[4]		5 |								| 
[3]		2 |								| 
[2]		15 |								| 
[1]		5 |								| 


******** STEP 119 ********
[17]		4 |								| 
[16]		8 |								| 
[15]		2 |								| 
[14]		8 |								| 
[13]		9 |								| 
[12]		7 |v	10 10 11 	v| 
[11]		5 |								| 
[10]		4 |								| 
[9]		7 |								| 
[8]		7 |								| 
[7]		5 |								| 
[6]		6 |								| 
[5]		3 |								| 
[4]		5 |								| 
[3]		2 |								| 
[2]		15 |								| 
[1]		5 |								| 


******** STEP 120 ********
[17]		4 |								| 
[16]		8 |								| 
[15]		2 |								| 
[14]		8 |								| 
[13]		9 |								| 
[12]		7 |								| 
[11]		6 |v	10 10 	v| 
[10]		4 |								| 
[9]		7 |								| 
[8]		7 |								| 
[7]		5 |								| 
[6]		6 |								| 
[5]		3 |								| 
[4]		5 |								| 
[3]		2 |								| 
[2]		15 |								| 
[1]		5 |								| 


******** STEP 121 ********
[17]		4 |								| 
[16]		8 |								| 
[15]		2 |								| 
[14]		8 |								| 
[13]		9 |								| 
[12]		7 |								| 
[11]		6 |								| 
[10]		6 |v		v| 
[9]		7 |								| 
[8]		7 |								| 
[7]		5 |								| 
[6]		6 |								| 
[5]		3 |								| 
[4]		5 |								| 
[3]		2 |								| 
[2]		15 |								| 
[1]		5 |								| 


