Building: 19 floors. Lift capacity: 5
******** STEP 0 ********
[19]		0 |								| 
[18]		0 |								| 6 10 
[17]		0 |								| 4 15 1 6 14 3 12 
[16]		0 |								| 15 1 
[15]		0 |								| 
[14]		0 |								| 10 16 15 7 19 11 
[13]		0 |								| 16 6 19 12 9 
[12]		0 |								| 9 1 7 8 17 
[11]		0 |								| 12 15 17 10 2 15 15 19 15 5 
[10]		0 |								| 9 4 9 5 15 3 3 13 12 4 
[9]		0 |								| 2 1 8 11 6 16 15 
[8]		0 |								| 9 11 5 3 15 10 13 10 15 18 
[7]		0 |								| 3 11 11 6 1 19 
[6]		0 |								| 3 10 18 16 
[5]		0 |								| 7 11 16 13 17 15 11 8 
[4]		0 |								| 16 3 19 
[3]		0 |								| 14 14 19 6 15 18 9 13 6 
[2]		0 |								| 15 10 10 7 17 18 6 12 17 
[1]		0 |v		v| 10 13 7 6 15 18 


******** STEP 1 ********
[19]		0 |								| 
[18]		0 |								| 6 10 
[17]		0 |								| 4 15 1 6 14 3 12 
[16]		0 |								| 15 1 
[15]		0 |								| 
[14]		0 |								| 10 16 15 7 19 11 
[13]		0 |								| 16 6 19 12 9 
[12]		0 |								| 9 1 7 8 17 
[11]		0 |								| 12 15 17 10 2 15 15 19 15 5 
[10]		0 |								| 9 4 9 5 15 3 3 13 12 4 
[9]		0 |								| 2 1 8 11 6 16 15 
[8]		0 |								| 9 11 5 3 15 10 13 10 15 18 
[7]		0 |								| 3 11 11 6 1 19 
[6]		0 |								| 3 10 18 16 
[5]		0 |								| 7 11 16 13 17 15 11 8 
[4]		0 |								| 16 3 19 
[3]		0 |								| 14 14 19 6 15 18 9 13 6 
[2]		0 |								| 15 10 10 7 17 18 6 12 17 
[1]		0 |^	18 15 13 10 7 	^| 6 


******** STEP 2 ********
[19]		0 |								| 
[18]		0 |								| 6 10 
[17]		0 |								| 4 15 1 6 14 3 12 
[16]		0 |								| 15 1 
[15]		0 |								| 
[14]		0 |								| 10 16 15 7 19 11 
[13]		0 |								| 16 6 19 12 9 
[12]		0 |								| 9 1 7 8 17 
[11]		0 |								| 12 15 17 10 2 15 15 19 15 5 
[10]		0 |								| 9 4 9 5 15 3 3 13 12 4 
[9]		0 |								| 2 1 8 11 6 16 15 
[8]		0 |								| 9 11 5 3 15 10 13 10 15 18 
[7]		1 |^	18 15 13 10 	^| 3 11 11 6 1 19 
[6]		0 |								| 3 10 18 16 
[5]		0 |								| 7 11 16 13 17 15 11 8 
[4]		0 |								| 16 3 19 
[3]		0 |								| 14 14 19 6 15 18 9 13 6 
[2]		0 |								| 15 10 10 7 17 18 6 12 17 
[1]		0 |								| 6 


******** STEP 3 ********
[19]		0 |								| 
[18]		0 |								| 6 10 
[17]		0 |								| 4 15 1 6 14 3 12 
[16]		0 |								| 15 1 
[15]		0 |								| 
[14]		0 |								| 10 16 15 7 19 11 
[13]		0 |								| 16 6 19 12 9 
[12]		0 |								| 9 1 7 8 17 
[11]		0 |								| 12 15 17 10 2 15 15 19 15 5 
[10]		0 |								| 9 4 9 5 15 3 3 13 12 4 
[9]		0 |								| 2 1 8 11 6 16 15 
[8]		0 |								| 9 11 5 3 15 10 13 10 15 18 
[7]		1 |^	18 15 13 10 19 	^| 3 11 11 6 1 
[6]		0 |								| 3 10 18 16 
[5]		0 |								| 7 11 16 13 17 15 11 8 
[4]		0 |								| 16 3 19 
[3]		0 |								| 14 14 19 6 15 18 9 13 6 
[2]		0 |								| 15 10 10 7 17 18 6 12 17 
[1]		0 |								| 6 


******** STEP 4 ********
[19]		0 |								| 
[18]		0 |								| 6 10 
[17]		0 |								| 4 15 1 6 14 3 12 
[16]		0 |								| 15 1 
[15]		0 |								| 
[14]		0 |								| 10 16 15 7 19 11 
[13]		0 |								| 16 6 19 12 9 
[12]		0 |								| 9 1 7 8 17 
[11]		0 |								| 12 15 17 10 2 15 15 19 15 5 
[10]		1 |^	18 15 13 19 	^| 9 4 9 5 15 3 3 13 12 4 
[9]		0 |								| 2 1 8 11 6 16 15 
[8]		0 |								| 9 11 5 3 15 10 13 10 15 18 
[7]		1 |								| 3 11 11 6 1 
[6]		0 |								| 3 10 18 16 
[5]		0 |								| 7 11 16 13 17 15 11 8 
[4]		0 |								| 16 3 19 
[3]		0 |								| 14 14 19 6 15 18 9 13 6 
[2]		0 |								| 15 10 10 7 17 18 6 12 17 
[1]		0 |								| 6 


******** STEP 5 ********
[19]		0 |								| 
[18]		0 |								| 6 10 
[17]		0 |								| 4 15 1 6 14 3 12 
[16]		0 |								| 15 1 
[15]		0 |								| 
[14]		0 |								| 10 16 15 7 19 11 
[13]		0 |								| 16 6 19 12 9 
[12]		0 |								| 9 1 7 8 17 
[11]		0 |								| 12 15 17 10 2 15 15 19 15 5 
[10]		1 |^	18 15 13 19 15 	^| 9 4 9 5 3 3 13 12 4 
[9]		0 |								| 2 1 8 11 6 16 15 
[8]		0 |								| 9 11 5 3 15 10 13 10 15 18 
[7]		1 |								| 3 11 11 6 1 
[6]		0 |								| 3 10 18 16 
[5]		0 |								| 7 11 16 13 17 15 11 8 
[4]		0 |								| 16 3 19 
[3]		0 |								| 14 14 19 6 15 18 9 13 6 
[2]		0 |								| 15 10 10 7 17 18 6 12 17 
[1]		0 |								| 6 


******** STEP 6 ********
[19]		0 |								| 
[18]		0 |								| 6 10 
[17]		0 |								| 4 15 1 6 14 3 12 
[16]		0 |								| 15 1 
[15]		0 |								| 
[14]		0 |								| 10 16 15 7 19 11 
[13]		1 |^	18 15 19 15 	^| 16 6 19 12 9 
[12]		0 |								| 9 1 7 8 17 
[11]		0 |								| 12 15 17 10 2 15 15 19 15 5 
[10]		1 |								| 9 4 9 5 3 3 13 12 4 
[9]		0 |								| 2 1 8 11 6 16 15 
[8]		0 |								| 9 11 5 3 15 10 13 10 15 18 
[7]		1 |								| 3 11 11 6 1 
[6]		0 |								| 3 10 18 16 
[5]		0 |								| 7 11 16 13 17 15 11 8 
[4]		0 |								| 16 3 19 
[3]		0 |								| 14 14 19 6 15 18 9 13 6 
[2]		0 |								| 15 10 10 7 17 18 6 12 17 
[1]		0 |								| 6 


******** STEP 7 ********
[19]		0 |								| 
[18]		0 |								| 6 10 
[17]		0 |								| 4 15 1 6 14 3 12 
[16]		0 |								| 15 1 
[15]		0 |								| 
[14]		0 |								| 10 16 15 7 19 11 
[13]		1 |^	18 15 19 15 19 	^| 16 6 12 9 
[12]		0 |								| 9 1 7 8 17 
[11]		0 |								| 12 15 17 10 2 15 15 19 15 5 
[10]		1 |								| 9 4 9 5 3 3 13 12 4 
[9]		0 |								| 2 1 8 11 6 16 15 
[8]		0 |								| 9 11 5 3 15 10 13 10 15 18 
[7]		1 |								| 3 11 11 6 1 
[6]		0 |								| 3 10 18 16 
[5]		0 |								| 7 11 16 13 17 15 11 8 
[4]		0 |								| 16 3 19 
[3]		0 |								| 14 14 19 6 15 18 9 13 6 
[2]		0 |								| 15 10 10 7 17 18 6 12 17 
[1]		0 |								| 6 


******** STEP 8 ********
[19]		0 |								| 
[18]		0 |								| 6 10 
[17]		0 |								| 4 15 1 6 14 3 12 
[16]		0 |								| 15 1 
[15]		2 |^	18 19 19 	^| 
[14]		0 |								| 10 16 15 7 19 11 
[13]		1 |								| 16 6 12 9 
[12]		0 |								| 9 1 7 8 17 
[11]		0 |								| 12 15 17 10 2 15 15 19 15 5 
[10]		1 |								| 9 4 9 5 3 3 13 12 4 
[9]		0 |								| 2 1 8 11 6 16 15 
[8]		0 |								| 9 11 5 3 15 10 13 10 15 18 
[7]		1 |								| 3 11 11 6 1 
[6]		0 |								| 3 10 18 16 
[5]		0 |								| 7 11 16 13 17 15 11 8 
[4]		0 |								| 16 3 19 
[3]		0 |								| 14 14 19 6 15 18 9 13 6 
[2]		0 |								| 15 10 10 7 17 18 6 12 17 
[1]		0 |								| 6 


******** STEP 9 ********
[19]		0 |								| 
[18]		1 |^	19 19 	^| 6 10 
[17]		0 |								| 4 15 1 6 14 3 12 
[16]		0 |								| 15 1 
[15]		2 |								| 
[14]		0 |								| 10 16 15 7 19 11 
[13]		1 |								| 16 6 12 9 
[12]		0 |								| 9 1 7 8 17 
[11]		0 |								| 12 15 17 10 2 15 15 19 15 5 
[10]		1 |								| 9 4 9 5 3 3 13 12 4 
[9]		0 |								| 2 1 8 11 6 16 15 
[8]		0 |								| 9 11 5 3 15 10 13 10 15 18 
[7]		1 |								| 3 11 11 6 1 
[6]		0 |								| 3 10 18 16 
[5]		0 |								| 7 11 16 13 17 15 11 8 
[4]		0 |								| 16 3 19 
[3]		0 |								| 14 14 19 6 15 18 9 13 6 
[2]		0 |								| 15 10 10 7 17 18 6 12 17 
[1]		0 |								| 6 


******** STEP 10 ********
[19]		2 |^		^| 
[18]		1 |								| 6 10 
[17]		0 |								| 4 15 1 6 14 3 12 
[16]		0 |								| 15 1 
[15]		2 |								| 
[14]		0 |								| 10 16 15 7 19 11 
[13]		1 |								| 16 6 12 9 
[12]		0 |								| 9 1 7 8 17 
[11]		0 |								| 12 15 17 10 2 15 15 19 15 5 
[10]		1 |								| 9 4 9 5 3 3 13 12 4 
[9]		0 |								| 2 1 8 11 6 16 15 
[8]		0 |								| 9 11 5 3 15 10 13 10 15 18 
[7]		1 |								| 3 11 11 6 1 
[6]		0 |								| 3 10 18 16 
[5]		0 |								| 7 11 16 13 17 15 11 8 
[4]		0 |								| 16 3 19 
[3]		0 |								| 14 14 19 6 15 18 9 13 6 
[2]		0 |								| 15 10 10 7 17 18 6 12 17 
[1]		0 |								| 6 


******** STEP 11 ********
[19]		2 |								| 
[18]		1 |v	6 10 	v| 
[17]		0 |								| 4 15 1 6 14 3 12 
[16]		0 |								| 15 1 
[15]		2 |								| 
[14]		0 |								| 10 16 15 7 19 11 
[13]		1 |								| 16 6 12 9 
[12]		0 |								| 9 1 7 8 17 
[11]		0 |								| 12 15 17 10 2 15 15 19 15 5 
[10]		1 |								| 9 4 9 5 3 3 13 12 4 
[9]		0 |								| 2 1 8 11 6 16 15 
[8]		0 |								| 9 11 5 3 15 10 13 10 15 18 
[7]		1 |								| 3 11 11 6 1 
[6]		0 |								| 3 10 18 16 
[5]		0 |								| 7 11 16 13 17 15 11 8 
[4]		0 |								| 16 3 19 
[3]		0 |								| 14 14 19 6 15 18 9 13 6 
[2]		0 |								| 15 10 10 7 17 18 6 12 17 
[1]		0 |								| 6 


******** STEP 12 ********
[19]		2 |								| 
[18]		1 |								| 
[17]		0 |v	6 10 1 3 4 	v| 15 6 14 12 
[16]		0 |								| 15 1 
[15]		2 |								| 
[14]		0 |								| 10 16 15 7 19 11 
[13]		1 |								| 16 6 12 9 
[12]		0 |								| 9 1 7 8 17 
[11]		0 |								| 12 15 17 10 2 15 15 19 15 5 
[10]		1 |								| 9 4 9 5 3 3 13 12 4 
[9]		0 |								| 2 1 8 11 6 16 15 
[8]		0 |								| 9 11 5 3 15 10 13 10 15 18 
[7]		1 |								| 3 11 11 6 1 
[6]		0 |								| 3 10 18 16 
[5]		0 |								| 7 11 16 13 17 15 11 8 
[4]		0 |								| 16 3 19 
[3]		0 |								| 14 14 19 6 15 18 9 13 6 
[2]		0 |								| 15 10 10 7 17 18 6 12 17 
[1]		0 |								| 6 


******** STEP 13 ********
[19]		2 |								| 
[18]		1 |								| 
[17]		0 |								| 15 6 14 12 
[16]		0 |								| 15 1 
[15]		2 |								| 
[14]		0 |								| 10 16 15 7 19 11 
[13]		1 |								| 16 6 12 9 
[12]		0 |								| 9 1 7 8 17 
[11]		0 |								| 12 15 17 10 2 15 15 19 15 5 
[10]		2 |v	6 1 3 4 	v| 9 4 9 5 3 3 13 12 4 
[9]		0 |								| 2 1 8 11 6 16 15 
[8]		0 |								| 9 11 5 3 15 10 13 10 15 18 
[7]		1 |								| 3 11 11 6 1 
[6]		0 |								| 3 10 18 16 
[5]		0 |								| 7 11 16 13 17 15 11 8 
[4]		0 |								| 16 3 19 
[3]		0 |								| 14 14 19 6 15 18 9 13 6 
[2]		0 |								| 15 10 10 7 17 18 6 12 17 
[1]		0 |								| 6 


******** STEP 14 ********
[19]		2 |								| 
[18]		1 |								| 
[17]		0 |								| 15 6 14 12 
[16]		0 |								| 15 1 
[15]		2 |								| 
[14]		0 |								| 10 16 15 7 19 11 
[13]		1 |								| 16 6 12 9 
[12]		0 |								| 9 1 7 8 17 
[11]		0 |								| 12 15 17 10 2 15 15 19 15 5 
[10]		2 |v	6 1 3 4 3 	v| 9 4 9 5 3 13 12 4 
[9]		0 |								| 2 1 8 11 6 16 15 
[8]		0 |								| 9 11 5 3 15 10 13 10 15 18 
[7]		1 |								| 3 11 11 6 1 
[6]		0 |								| 3 10 18 16 
[5]		0 |								| 7 11 16 13 17 15 11 8 
[4]		0 |								| 16 3 19 
[3]		0 |								| 14 14 19 6 15 18 9 13 6 
[2]		0 |								| 15 10 10 7 17 18 6 12 17 
[1]		0 |								| 6 


******** STEP 15 ********
[19]		2 |								| 
[18]		1 |								| 
[17]		0 |								| 15 6 14 12 
[16]		0 |								| 15 1 
[15]		2 |								| 
[14]		0 |								| 10 16 15 7 19 11 
[13]		1 |								| 16 6 12 9 
[12]		0 |								| 9 1 7 8 17 
[11]		0 |								| 12 15 17 10 2 15 15 19 15 5 
[10]		2 |								| 9 4 9 5 3 13 12 4 
[9]		0 |								| 2 1 8 11 6 16 15 
[8]		0 |								| 9 11 5 3 15 10 13 10 15 18 
[7]		1 |								| 3 11 11 6 1 
[6]		1 |v	1 3 4 3 	v| 3 10 18 16 
[5]		0 |								| 7 11 16 13 17 15 11 8 
[4]		0 |								| 16 3 19 
[3]		0 |								| 14 14 19 6 15 18 9 13 6 
[2]		0 |								| 15 10 10 7 17 18 6 12 17 
[1]		0 |								| 6 


******** STEP 16 ********
[19]		2 |								| 
[18]		1 |								| 
[17]		0 |								| 15 6 14 12 
[16]		0 |								| 15 1 
[15]		2 |								| 
[14]		0 |								| 10 16 15 7 19 11 
[13]		1 |								| 16 6 12 9 
[12]		0 |								| 9 1 7 8 17 
[11]		0 |								| 12 15 17 10 2 15 15 19 15 5 
[10]		2 |								| 9 4 9 5 3 13 12 4 
[9]		0 |								| 2 1 8 11 6 16 15 
[8]		0 |								| 9 11 5 3 15 10 13 10 15 18 
[7]		1 |								| 3 11 11 6 1 
[6]		1 |v	1 3 4 3 3 	v| 10 18 16 
[5]		0 |								| 7 11 16 13 17 15 11 8 
[4]		0 |								| 16 3 19 
[3]		0 |								| 14 14 19 6 15 18 9 13 6 
[2]		0 |								| 15 10 10 7 17 18 6 12 17 
[1]		0 |								| 6 


******** STEP 17 ********
[19]		2 |								| 
[18]		1 |								| 
[17]		0 |								| 15 6 14 12 
[16]		0 |								| 15 1 
[15]		2 |								| 
[14]		0 |								| 10 16 15 7 19 11 
[13]		1 |								| 16 6 12 9 
[12]		0 |								| 9 1 7 8 17 
[11]		0 |								| 12 15 17 10 2 15 15 19 15 5 
[10]		2 |								| 9 4 9 5 3 13 12 4 
[9]		0 |								| 2 1 8 11 6 16 15 
[8]		0 |								| 9 11 5 3 15 10 13 10 15 18 
[7]		1 |								| 3 11 11 6 1 
[6]		1 |								| 10 18 16 
[5]		0 |								| 7 11 16 13 17 15 11 8 
[4]		1 |v	1 3 3 3 	v| 16 3 19 
[3]		0 |								| 14 14 19 6 15 18 9 13 6 
[2]		0 |								| 15 10 10 7 17 18 6 12 17 
[1]		0 |								| 6 


******** STEP 18 ********
[19]		2 |								| 
[18]		1 |								| 
[17]		0 |								| 15 6 14 12 
[16]		0 |								| 15 1 
[15]		2 |								| 
[14]		0 |								| 10 16 15 7 19 11 
[13]		1 |								| 16 6 12 9 
[12]		0 |								| 9 1 7 8 17 
[11]		0 |								| 12 15 17 10 2 15 15 19 15 5 
[10]		2 |								| 9 4 9 5 3 13 12 4 
[9]		0 |								| 2 1 8 11 6 16 15 
[8]		0 |								| 9 11 5 3 15 10 13 10 15 18 
[7]		1 |								| 3 11 11 6 1 
[6]		1 |								| 10 18 16 
[5]		0 |								| 7 11 16 13 17 15 11 8 
[4]		1 |v	1 3 3 3 3 	v| 16 19 
[3]		0 |								| 14 14 19 6 15 18 9 13 6 
[2]		0 |								| 15 10 10 7 17 18 6 12 17 
[1]		0 |								| 6 


******** STEP 19 ********
[19]		2 |								| 
[18]		1 |								| 
[17]		0 |								| 15 6 14 12 
[16]		0 |								| 15 1 
[15]		2 |								| 
[14]		0 |								| 10 16 15 7 19 11 
[13]		1 |								| 16 6 12 9 
[12]		0 |								| 9 1 7 8 17 
[11]		0 |								| 12 15 17 10 2 15 15 19 15 5 
[10]		2 |								| 9 4 9 5 3 13 12 4 
[9]		0 |								| 2 1 8 11 6 16 15 
[8]		0 |								| 9 11 5 3 15 10 13 10 15 18 
[7]		1 |								| 3 11 11 6 1 
[6]		1 |								| 10 18 16 
[5]		0 |								| 7 11 16 13 17 15 11 8 
[4]		1 |								| 16 19 
[3]		4 |v	1 	v| 14 14 19 6 15 18 9 13 6 
[2]		0 |								| 15 10 10 7 17 18 6 12 17 
[1]		0 |								| 6 


******** STEP 20 ********
[19]		2 |								| 
[18]		1 |								| 
[17]		0 |								| 15 6 14 12 
[16]		0 |								| 15 1 
[15]		2 |								| 
[14]		0 |								| 10 16 15 7 19 11 
[13]		1 |								| 16 6 12 9 
[12]		0 |								| 9 1 7 8 17 
[11]		0 |								| 12 15 17 10 2 15 15 19 15 5 
[10]		2 |								| 9 4 9 5 3 13 12 4 
[9]		0 |								| 2 1 8 11 6 16 15 
[8]		0 |								| 9 11 5 3 15 10 13 10 15 18 
[7]		1 |								| 3 11 11 6 1 
[6]		1 |								| 10 18 16 
[5]		0 |								| 7 11 16 13 17 15 11 8 
[4]		1 |								| 16 19 
[3]		4 |								| 14 14 19 6 15 18 9 13 6 
[2]		0 |								| 15 10 10 7 17 18 6 12 17 
[1]		1 |v		v| 6 


******** STEP 21 ********
[19]		2 |								| 
[18]		1 |								| 
[17]		0 |								| 15 6 14 12 
[16]		0 |								| 15 1 
[15]		2 |								| 
[14]		0 |								| 10 16 15 7 19 11 
[13]		1 |								| 16 6 12 9 
[12]		0 |								| 9 1 7 8 17 
[11]		0 |								| 12 15 17 10 2 15 15 19 15 5 
[10]		2 |								| 9 4 9 5 3 13 12 4 
[9]		0 |								| 2 1 8 11 6 16 15 
[8]		0 |								| 9 11 5 3 15 10 13 10 15 18 
[7]		1 |								| 3 11 11 6 1 
[6]		1 |								| 10 18 16 
[5]		0 |								| 7 11 16 13 17 15 11 8 
[4]		1 |								| 16 19 
[3]		4 |								| 14 14 19 6 15 18 9 13 6 
[2]		0 |								| 15 10 10 7 17 18 6 12 17 
[1]		1 |v	6 	v| 


******** STEP 22 ********
[19]		2 |								| 
[18]		1 |								| 
[17]		0 |								| 15 6 14 12 
[16]		0 |								| 15 1 
[15]		2 |								| 
[14]		0 |								| 10 16 15 7 19 11 
[13]		1 |								| 16 6 12 9 
[12]		0 |								| 9 1 7 8 17 
[11]		0 |								| 12 15 17 10 2 15 15 19 15 5 
[10]		2 |								| 9 4 9 5 3 13 12 4 
[9]		0 |								| 2 1 8 11 6 16 15 
[8]		0 |								| 9 11 5 3 15 10 13 10 15 18 
[7]		1 |								| 3 11 11 6 1 
[6]		1 |								| 10 18 16 
[5]		0 |								| 7 11 16 13 17 15 11 8 
[4]		1 |								| 16 19 
[3]		4 |								| 14 14 19 6 15 18 9 13 6 
[2]		0 |^	6 18 17 17 15 	^| 10 10 7 6 12 
[1]		1 |								| 


******** STEP 23 ********
[19]		2 |								| 
[18]		1 |								| 
[17]		0 |								| 15 6 14 12 
[16]		0 |								| 15 1 
[15]		2 |								| 
[14]		0 |								| 10 16 15 7 19 11 
[13]		1 |								| 16 6 12 9 
[12]		0 |								| 9 1 7 8 17 
[11]		0 |								| 12 15 17 10 2 15 15 19 15 5 
[10]		2 |								| 9 4 9 5 3 13 12 4 
[9]		0 |								| 2 1 8 11 6 16 15 
[8]		0 |								| 9 11 5 3 15 10 13 10 15 18 
[7]		1 |								| 3 11 11 6 1 
[6]		2 |^	18 17 17 15 	^| 10 18 16 
[5]		0 |								| 7 11 16 13 17 15 11 8 
[4]		1 |								| 16 19 
[3]		4 |								| 14 14 19 6 15 18 9 13 6 
[2]		0 |								| 10 10 7 6 12 
[1]		1 |								| 


******** STEP 24 ********
[19]		2 |								| 
[18]		1 |								| 
[17]		0 |								| 15 6 14 12 
[16]		0 |								| 15 1 
[15]		2 |								| 
[14]		0 |								| 10 16 15 7 19 11 
[13]		1 |								| 16 6 12 9 
[12]		0 |								| 9 1 7 8 17 
[11]		0 |								| 12 15 17 10 2 15 15 19 15 5 
[10]		2 |								| 9 4 9 5 3 13 12 4 
[9]		0 |								| 2 1 8 11 6 16 15 
[8]		0 |								| 9 11 5 3 15 10 13 10 15 18 
[7]		1 |								| 3 11 11 6 1 
[6]		2 |^	18 17 17 15 18 	^| 10 16 
[5]		0 |								| 7 11 16 13 17 15 11 8 
[4]		1 |								| 16 19 
[3]		4 |								| 14 14 19 6 15 18 9 13 6 
[2]		0 |								| 10 10 7 6 12 
[1]		1 |								| 


******** STEP 25 ********
[19]		2 |								| 
[18]		1 |								| 
[17]		0 |								| 15 6 14 12 
[16]		0 |								| 15 1 
[15]		3 |^	18 17 17 18 	^| 
[14]		0 |								| 10 16 15 7 19 11 
[13]		1 |								| 16 6 12 9 
[12]		0 |								| 9 1 7 8 17 
[11]		0 |								| 12 15 17 10 2 15 15 19 15 5 
[10]		2 |								| 9 4 9 5 3 13 12 4 
[9]		0 |								| 2 1 8 11 6 16 15 
[8]		0 |								| 9 11 5 3 15 10 13 10 15 18 
[7]		1 |								| 3 11 11 6 1 
[6]		2 |								| 10 16 
[5]		0 |								| 7 11 16 13 17 15 11 8 
[4]		1 |								| 16 19 
[3]		4 |								| 14 14 19 6 15 18 9 13 6 
[2]		0 |								| 10 10 7 6 12 
[1]		1 |								| 


******** STEP 26 ********
[19]		2 |								| 
[18]		1 |								| 
[17]		2 |^	18 18 	^| 15 6 14 12 
[16]		0 |								| 15 1 
[15]		3 |								| 
[14]		0 |								| 10 16 15 7 19 11 
[13]		1 |								| 16 6 12 9 
[12]		0 |								| 9 1 7 8 17 
[11]		0 |								| 12 15 17 10 2 15 15 19 15 5 
[10]		2 |								| 9 4 9 5 3 13 12 4 
[9]		0 |								| 2 1 8 11 6 16 15 
[8]		0 |								| 9 11 5 3 15 10 13 10 15 18 
[7]		1 |								| 3 11 11 6 1 
[6]		2 |								| 10 16 
[5]		0 |								| 7 11 16 13 17 15 11 8 
[4]		1 |								| 16 19 
[3]		4 |								| 14 14 19 6 15 18 9 13 6 
[2]		0 |								| 10 10 7 6 12 
[1]		1 |								| 


******** STEP 27 ********
[19]		2 |								| 
[18]		3 |^		^| 
[17]		2 |								| 15 6 14 12 
[16]		0 |								| 15 1 
[15]		3 |								| 
[14]		0 |								| 10 16 15 7 19 11 
[13]		1 |								| 16 6 12 9 
[12]		0 |								| 9 1 7 8 17 
[11]		0 |								| 12 15 17 10 2 15 15 19 15 5 
[10]		2 |								| 9 4 9 5 3 13 12 4 
[9]		0 |								| 2 1 8 11 6 16 15 
[8]		0 |								| 9 11 5 3 15 10 13 10 15 18 
[7]		1 |								| 3 11 11 6 1 
[6]		2 |								| 10 16 
[5]		0 |								| 7 11 16 13 17 15 11 8 
[4]		1 |								| 16 19 
[3]		4 |								| 14 14 19 6 15 18 9 13 6 
[2]		0 |								| 10 10 7 6 12 
[1]		1 |								| 


******** STEP 28 ********
[19]		2 |								| 
[18]		3 |								| 
[17]		2 |v	6 12 14 15 	v| 
[16]		0 |								| 15 1 
[15]		3 |								| 
[14]		0 |								| 10 16 15 7 19 11 
[13]		1 |								| 16 6 12 9 
[12]		0 |								| 9 1 7 8 17 
[11]		0 |								| 12 15 17 10 2 15 15 19 15 5 
[10]		2 |								| 9 4 9 5 3 13 12 4 
[9]		0 |								| 2 1 8 11 6 16 15 
[8]		0 |								| 9 11 5 3 15 10 13 10 15 18 
[7]		1 |								| 3 11 11 6 1 
[6]		2 |								| 10 16 
[5]		0 |								| 7 11 16 13 17 15 11 8 
[4]		1 |								| 16 19 
[3]		4 |								| 14 14 19 6 15 18 9 13 6 
[2]		0 |								| 10 10 7 6 12 
[1]		1 |								| 


******** STEP 29 ********
[19]		2 |								| 
[18]		3 |								| 
[17]		2 |								| 
[16]		0 |v	6 12 14 15 1 	v| 15 
[15]		3 |								| 
[14]		0 |								| 10 16 15 7 19 11 
[13]		1 |								| 16 6 12 9 
[12]		0 |								| 9 1 7 8 17 
[11]		0 |								| 12 15 17 10 2 15 15 19 15 5 
[10]		2 |								| 9 4 9 5 3 13 12 4 
[9]		0 |								| 2 1 8 11 6 16 15 
[8]		0 |								| 9 11 5 3 15 10 13 10 15 18 
[7]		1 |								| 3 11 11 6 1 
[6]		2 |								| 10 16 
[5]		0 |								| 7 11 16 13 17 15 11 8 
[4]		1 |								| 16 19 
[3]		4 |								| 14 14 19 6 15 18 9 13 6 
[2]		0 |								| 10 10 7 6 12 
[1]		1 |								| 


******** STEP 30 ********
[19]		2 |								| 
[18]		3 |								| 
[17]		2 |								| 
[16]		0 |								| 15 
[15]		4 |v	6 12 14 1 	v| 
[14]		0 |								| 10 16 15 7 19 11 
[13]		1 |								| 16 6 12 9 
[12]		0 |								| 9 1 7 8 17 
[11]		0 |								| 12 15 17 10 2 15 15 19 15 5 
[10]		2 |								| 9 4 9 5 3 13 12 4 
[9]		0 |								| 2 1 8 11 6 16 15 
[8]		0 |								| 9 11 5 3 15 10 13 10 15 18 
[7]		1 |								| 3 11 11 6 1 
[6]		2 |								| 10 16 
[5]		0 |								| 7 11 16 13 17 15 11 8 
[4]		1 |								| 16 19 
[3]		4 |								| 14 14 19 6 15 18 9 13 6 
[2]		0 |								| 10 10 7 6 12 
[1]		1 |								| 


******** STEP 31 ********
[19]		2 |								| 
[18]		3 |								| 
[17]		2 |								| 
[16]		0 |								| 15 
[15]		4 |								| 
[14]		1 |v	6 12 1 	v| 10 16 15 7 19 11 
[13]		1 |								| 16 6 12 9 
[12]		0 |								| 9 1 7 8 17 
[11]		0 |								| 12 15 17 10 2 15 15 19 15 5 
[10]		2 |								| 9 4 9 5 3 13 12 4 
[9]		0 |								| 2 1 8 11 6 16 15 
[8]		0 |								| 9 11 5 3 15 10 13 10 15 18 
[7]		1 |								| 3 11 11 6 1 
[6]		2 |								| 10 16 
[5]		0 |								| 7 11 16 13 17 15 11 8 
[4]		1 |								| 16 19 
[3]		4 |								| 14 14 19 6 15 18 9 13 6 
[2]		0 |								| 10 10 7 6 12 
[1]		1 |								| 


******** STEP 32 ********
[19]		2 |								| 
[18]		3 |								| 
[17]		2 |								| 
[16]		0 |								| 15 
[15]		4 |								| 
[14]		1 |v	6 12 1 7 10 	v| 16 15 19 11 
[13]		1 |								| 16 6 12 9 
[12]		0 |								| 9 1 7 8 17 
[11]		0 |								| 12 15 17 10 2 15 15 19 15 5 
[10]		2 |								| 9 4 9 5 3 13 12 4 
[9]		0 |								| 2 1 8 11 6 16 15 
[8]		0 |								| 9 11 5 3 15 10 13 10 15 18 
[7]		1 |								| 3 11 11 6 1 
[6]		2 |								| 10 16 
[5]		0 |								| 7 11 16 13 17 15 11 8 
[4]		1 |								| 16 19 
[3]		4 |								| 14 14 19 6 15 18 9 13 6 
[2]		0 |								| 10 10 7 6 12 
[1]		1 |								| 


******** STEP 33 ********
[19]		2 |								| 
[18]		3 |								| 
[17]		2 |								| 
[16]		0 |								| 15 
[15]		4 |								| 
[14]		1 |								| 16 15 19 11 
[13]		1 |								| 16 6 12 9 
[12]		1 |v	6 1 7 10 	v| 9 1 7 8 17 
[11]		0 |								| 12 15 17 10 2 15 15 19 15 5 
[10]		2 |								| 9 4 9 5 3 13 12 4 
[9]		0 |								| 2 1 8 11 6 16 15 
[8]		0 |								| 9 11 5 3 15 10 13 10 15 18 
[7]		1 |								| 3 11 11 6 1 
[6]		2 |								| 10 16 
[5]		0 |								| 7 11 16 13 17 15 11 8 
[4]		1 |								| 16 19 
[3]		4 |								| 14 14 19 6 15 18 9 13 6 
[2]		0 |								| 10 10 7 6 12 
[1]		1 |								| 


******** STEP 34 ********
[19]		2 |								| 
[18]		3 |								| 
[17]		2 |								| 
[16]		0 |								| 15 
[15]		4 |								| 
[14]		1 |								| 16 15 19 11 
[13]		1 |								| 16 6 12 9 
[12]		1 |v	6 1 7 10 1 	v| 9 7 8 17 
[11]		0 |								| 12 15 17 10 2 15 15 19 15 5 
[10]		2 |								| 9 4 9 5 3 13 12 4 
[9]		0 |								| 2 1 8 11 6 16 15 
[8]		0 |								| 9 11 5 3 15 10 13 10 15 18 
[7]		1 |								| 3 11 11 6 1 
[6]		2 |								| 10 16 
[5]		0 |								| 7 11 16 13 17 15 11 8 
[4]		1 |								| 16 19 
[3]		4 |								| 14 14 19 6 15 18 9 13 6 
[2]		0 |								| 10 10 7 6 12 
[1]		1 |								| 


******** STEP 35 ********
[19]		2 |								| 
[18]		3 |								| 
[17]		2 |								| 
[16]		0 |								| 15 
[15]		4 |								| 
[14]		1 |								| 16 15 19 11 
[13]		1 |								| 16 6 12 9 
[12]		1 |								| 9 7 8 17 
[11]		0 |								| 12 15 17 10 2 15 15 19 15 5 
[10]		3 |v	6 1 7 1 	v| 9 4 9 5 3 13 12 4 
[9]		0 |								| 2 1 8 11 6 16 15 
[8]		0 |								| 9 11 5 3 15 10 13 10 15 18 
[7]		1 |								| 3 11 11 6 1 
[6]		2 |								| 10 16 
[5]		0 |								| 7 11 16 13 17 15 11 8 
[4]		1 |								| 16 19 
[3]		4 |								| 14 14 19 6 15 18 9 13 6 
[2]		0 |								| 10 10 7 6 12 
[1]		1 |								| 


******** STEP 36 ********
[19]		2 |								| 
[18]		3 |								| 
[17]		2 |								| 
[16]		0 |								| 15 
[15]		4 |								| 
[14]		1 |								| 16 15 19 11 
[13]		1 |								| 16 6 12 9 
[12]		1 |								| 9 7 8 17 
[11]		0 |								| 12 15 17 10 2 15 15 19 15 5 
[10]		3 |v	6 1 7 1 3 	v| 9 4 9 5 13 12 4 
[9]		0 |								| 2 1 8 11 6 16 15 
[8]		0 |								| 9 11 5 3 15 10 13 10 15 18 
[7]		1 |								| 3 11 11 6 1 
[6]		2 |								| 10 16 
[5]		0 |								| 7 11 16 13 17 15 11 8 
[4]		1 |								| 16 19 
[3]		4 |								| 14 14 19 6 15 18 9 13 6 
[2]		0 |								| 10 10 7 6 12 
[1]		1 |								| 


******** STEP 37 ********
[19]		2 |								| 
[18]		3 |								| 
[17]		2 |								| 
[16]		0 |								| 15 
[15]		4 |								| 
[14]		1 |								| 16 15 19 11 
[13]		1 |								| 16 6 12 9 
[12]		1 |								| 9 7 8 17 
[11]		0 |								| 12 15 17 10 2 15 15 19 15 5 
[10]		3 |								| 9 4 9 5 13 12 4 
[9]		0 |								| 2 1 8 11 6 16 15 
[8]		0 |								| 9 11 5 3 15 10 13 10 15 18 
[7]		2 |v	6 1 1 3 	v| 3 11 11 6 1 
[6]		2 |								| 10 16 
[5]		0 |								| 7 11 16 13 17 15 11 8 
[4]		1 |								| 16 19 
[3]		4 |								| 14 14 19 6 15 18 9 13 6 
[2]		0 |								| 10 10 7 6 12 
[1]		1 |								| 


******** STEP 38 ********
[19]		2 |								| 
[18]		3 |								| 
[17]		2 |								| 
[16]		0 |								| 15 
[15]		4 |								| 
[14]		1 |								| 16 15 19 11 
[13]		1 |								| 16 6 12 9 
[12]		1 |								| 9 7 8 17 
[11]		0 |								| 12 15 17 10 2 15 15 19 15 5 
[10]		3 |								| 9 4 9 5 13 12 4 
[9]		0 |								| 2 1 8 11 6 16 15 
[8]		0 |								| 9 11 5 3 15 10 13 10 15 18 
[7]		2 |v	6 1 1 3 1 	v| 3 11 11 6 
[6]		2 |								| 10 16 
[5]		0 |								| 7 11 16 13 17 15 11 8 
[4]		1 |								| 16 19 
[3]		4 |								| 14 14 19 6 15 18 9 13 6 
[2]		0 |								| 10 10 7 6 12 
[1]		1 |								| 


******** STEP 39 ********
[19]		2 |								| 
[18]		3 |								| 
[17]		2 |								| 
[16]		0 |								| 15 
[15]		4 |								| 
[14]		1 |								| 16 15 19 11 
[13]		1 |								| 16 6 12 9 
[12]		1 |								| 9 7 8 17 
[11]		0 |								| 12 15 17 10 2 15 15 19 15 5 
[10]		3 |								| 9 4 9 5 13 12 4 
[9]		0 |								| 2 1 8 11 6 16 15 
[8]		0 |								| 9 11 5 3 15 10 13 10 15 18 
[7]		2 |								| 3 11 11 6 
[6]		3 |v	1 1 3 1 	v| 10 16 
[5]		0 |								| 7 11 16 13 17 15 11 8 
[4]		1 |								| 16 19 
[3]		4 |								| 14 14 19 6 15 18 9 13 6 
[2]		0 |								| 10 10 7 6 12 
[1]		1 |								| 


******** STEP 40 ********
[19]		2 |								| 
[18]		3 |								| 
[17]		2 |								| 
[16]		0 |								| 15 
[15]		4 |								| 
[14]		1 |								| 16 15 19 11 
[13]		1 |								| 16 6 12 9 
[12]		1 |								| 9 7 8 17 
[11]		0 |								| 12 15 17 10 2 15 15 19 15 5 
[10]		3 |								| 9 4 9 5 13 12 4 
[9]		0 |								| 2 1 8 11 6 16 15 
[8]		0 |								| 9 11 5 3 15 10 13 10 15 18 
[7]		2 |								| 3 11 11 6 
[6]		3 |								| 10 16 
[5]		0 |								| 7 11 16 13 17 15 11 8 
[4]		1 |								| 16 19 
[3]		5 |v	1 1 1 	v| 14 14 19 6 15 18 9 13 6 
[2]		0 |								| 10 10 7 6 12 
[1]		1 |								| 


******** STEP 41 ********
[19]		2 |								| 
[18]		3 |								| 
[17]		2 |								| 
[16]		0 |								| 15 
[15]		4 |								| 
[14]		1 |								| 16 15 19 11 
[13]		1 |								| 16 6 12 9 
[12]		1 |								| 9 7 8 17 
[11]		0 |								| 12 15 17 10 2 15 15 19 15 5 
[10]		3 |								| 9 4 9 5 13 12 4 
[9]		0 |								| 2 1 8 11 6 16 15 
[8]		0 |								| 9 11 5 3 15 10 13 10 15 18 
[7]		2 |								| 3 11 11 6 
[6]		3 |								| 10 16 
[5]		0 |								| 7 11 16 13 17 15 11 8 
[4]		1 |								| 16 19 
[3]		5 |								| 14 14 19 6 15 18 9 13 6 
[2]		0 |								| 10 10 7 6 12 
[1]		4 |v		v| 


******** STEP 42 ********
[19]		2 |								| 
[18]		3 |								| 
[17]		2 |								| 
[16]		0 |								| 15 
[15]		4 |								| 
[14]		1 |								| 16 15 19 11 
[13]		1 |								| 16 6 12 9 
[12]		1 |								| 9 7 8 17 
[11]		0 |								| 12 15 17 10 2 15 15 19 15 5 
[10]		3 |								| 9 4 9 5 13 12 4 
[9]		0 |								| 2 1 8 11 6 16 15 
[8]		0 |								| 9 11 5 3 15 10 13 10 15 18 
[7]		2 |								| 3 11 11 6 
[6]		3 |								| 10 16 
[5]		0 |								| 7 11 16 13 17 15 11 8 
[4]		1 |								| 16 19 
[3]		5 |								| 14 14 19 6 15 18 9 13 6 
[2]		0 |^	12 10 10 7 6 	^| 
[1]		4 |								| 


******** STEP 43 ********
[19]		2 |								| 
[18]		3 |								| 
[17]		2 |								| 
[16]		0 |								| 15 
[15]		4 |								| 
[14]		1 |								| 16 15 19 11 
[13]		1 |								| 16 6 12 9 
[12]		1 |								| 9 7 8 17 
[11]		0 |								| 12 15 17 10 2 15 15 19 15 5 
[10]		3 |								| 9 4 9 5 13 12 4 
[9]		0 |								| 2 1 8 11 6 16 15 
[8]		0 |								| 9 11 5 3 15 10 13 10 15 18 
[7]		2 |								| 3 11 11 6 
[6]		4 |^	12 10 10 7 	^| 10 16 
[5]		0 |								| 7 11 16 13 17 15 11 8 
[4]		1 |								| 16 19 
[3]		5 |								| 14 14 19 6 15 18 9 13 6 
[2]		0 |								| 
[1]		4 |								| 


******** STEP 44 ********
[19]		2 |								| 
[18]		3 |								| 
[17]		2 |								| 
[16]		0 |								| 15 
[15]		4 |								| 
[14]		1 |								| 16 15 19 11 
[13]		1 |								| 16 6 12 9 
[12]		1 |								| 9 7 8 17 
[11]		0 |								| 12 15 17 10 2 15 15 19 15 5 
[10]		3 |								| 9 4 9 5 13 12 4 
[9]		0 |								| 2 1 8 11 6 16 15 
[8]		0 |								| 9 11 5 3 15 10 13 10 15 18 
[7]		2 |								| 3 11 11 6 
[6]		4 |^	12 10 10 7 16 	^| 10 
[5]		0 |								| 7 11 16 13 17 15 11 8 
[4]		1 |								| 16 19 
[3]		5 |								| 14 14 19 6 15 18 9 13 6 
[2]		0 |								| 
[1]		4 |								| 


******** STEP 45 ********
[19]		2 |								| 
[18]		3 |								| 
[17]		2 |								| 
[16]		0 |								| 15 
[15]		4 |								| 
[14]		1 |								| 16 15 19 11 
[13]		1 |								| 16 6 12 9 
[12]		1 |								| 9 7 8 17 
[11]		0 |								| 12 15 17 10 2 15 15 19 15 5 
[10]		3 |								| 9 4 9 5 13 12 4 
[9]		0 |								| 2 1 8 11 6 16 15 
[8]		0 |								| 9 11 5 3 15 10 13 10 15 18 
[7]		3 |^	12 10 10 16 	^| 3 11 11 6 
[6]		4 |								| 10 
[5]		0 |								| 7 11 16 13 17 15 11 8 
[4]		1 |								| 16 19 
[3]		5 |								| 14 14 19 6 15 18 9 13 6 
[2]		0 |								| 
[1]		4 |								| 


******** STEP 46 ********
[19]		2 |								| 
[18]		3 |								| 
[17]		2 |								| 
[16]		0 |								| 15 
[15]		4 |								| 
[14]		1 |								| 16 15 19 11 
[13]		1 |								| 16 6 12 9 
[12]		1 |								| 9 7 8 17 
[11]		0 |								| 12 15 17 10 2 15 15 19 15 5 
[10]		3 |								| 9 4 9 5 13 12 4 
[9]		0 |								| 2 1 8 11 6 16 15 
[8]		0 |								| 9 11 5 3 15 10 13 10 15 18 
[7]		3 |^	12 10 10 16 11 	^| 3 11 6 
[6]		4 |								| 10 
[5]		0 |								| 7 11 16 13 17 15 11 8 
[4]		1 |								| 16 19 
[3]		5 |								| 14 14 19 6 15 18 9 13 6 
[2]		0 |								| 
[1]		4 |								| 


******** STEP 47 ********
[19]		2 |								| 
[18]		3 |								| 
[17]		2 |								| 
[16]		0 |								| 15 
[15]		4 |								| 
[14]		1 |								| 16 15 19 11 
[13]		1 |								| 16 6 12 9 
[12]		1 |								| 9 7 8 17 
[11]		0 |								| 12 15 17 10 2 15 15 19 15 5 
[10]		5 |^	12 16 11 	^| 9 4 9 5 13 12 4 
[9]		0 |								| 2 1 8 11 6 16 15 
[8]		0 |								| 9 11 5 3 15 10 13 10 15 18 
[7]		3 |								| 3 11 6 
[6]		4 |								| 10 
[5]		0 |								| 7 11 16 13 17 15 11 8 
[4]		1 |								| 16 19 
[3]		5 |								| 14 14 19 6 15 18 9 13 6 
[2]		0 |								| 
[1]		4 |								| 


******** STEP 48 ********
[19]		2 |								| 
[18]		3 |								| 
[17]		2 |								| 
[16]		0 |								| 15 
[15]		4 |								| 
[14]		1 |								| 16 15 19 11 
[13]		1 |								| 16 6 12 9 
[12]		1 |								| 9 7 8 17 
[11]		0 |								| 12 15 17 10 2 15 15 19 15 5 
[10]		5 |^	12 16 11 13 12 	^| 9 4 9 5 4 
[9]		0 |								| 2 1 8 11 6 16 15 
[8]		0 |								| 9 11 5 3 15 10 13 10 15 18 
[7]		3 |								| 3 11 6 
[6]		4 |								| 10 
[5]		0 |								| 7 11 16 13 17 15 11 8 
[4]		1 |								| 16 19 
[3]		5 |								| 14 14 19 6 15 18 9 13 6 
[2]		0 |								| 
[1]		4 |								| 


******** STEP 49 ********
[19]		2 |								| 
[18]		3 |								| 
[17]		2 |								| 
[16]		0 |								| 15 
[15]		4 |								| 
[14]		1 |								| 16 15 19 11 
[13]		1 |								| 16 6 12 9 
[12]		1 |								| 9 7 8 17 
[11]		1 |^	12 16 13 12 	^| 12 15 17 10 2 15 15 19 15 5 
[10]		5 |								| 9 4 9 5 4 
[9]		0 |								| 2 1 8 11 6 16 15 
[8]		0 |								| 9 11 5 3 15 10 13 10 15 18 
[7]		3 |								| 3 11 6 
[6]		4 |								| 10 
[5]		0 |								| 7 11 16 13 17 15 11 8 
[4]		1 |								| 16 19 
[3]		5 |								| 14 14 19 6 15 18 9 13 6 
[2]		0 |								| 
[1]		4 |								| 


******** STEP 50 ********
[19]		2 |								| 
[18]		3 |								| 
[17]		2 |								| 
[16]		0 |								| 15 
[15]		4 |								| 
[14]		1 |								| 16 15 19 11 
[13]		1 |								| 16 6 12 9 
[12]		1 |								| 9 7 8 17 
[11]		1 |^	12 16 13 12 19 	^| 12 15 17 10 2 15 15 15 5 
[10]		5 |								| 9 4 9 5 4 
[9]		0 |								| 2 1 8 11 6 16 15 
[8]		0 |								| 9 11 5 3 15 10 13 10 15 18 
[7]		3 |								| 3 11 6 
[6]		4 |								| 10 
[5]		0 |								| 7 11 16 13 17 15 11 8 
[4]		1 |								| 16 19 
[3]		5 |								| 14 14 19 6 15 18 9 13 6 
[2]		0 |								| 
[1]		4 |								| 


******** STEP 51 ********
[19]		2 |								| 
[18]		3 |								| 
[17]		2 |								| 
[16]		0 |								| 15 
[15]		4 |								| 
[14]		1 |								| 16 15 19 11 
[13]		1 |								| 16 6 12 9 
[12]		3 |^	16 13 19 	^| 9 7 8 17 
[11]		1 |								| 12 15 17 10 2 15 15 15 5 
[10]		5 |								| 9 4 9 5 4 
[9]		0 |								| 2 1 8 11 6 16 15 
[8]		0 |								| 9 11 5 3 15 10 13 10 15 18 
[7]		3 |								| 3 11 6 
[6]		4 |								| 10 
[5]		0 |								| 7 11 16 13 17 15 11 8 
[4]		1 |								| 16 19 
[3]		5 |								| 14 14 19 6 15 18 9 13 6 
[2]		0 |								| 
[1]		4 |								| 


******** STEP 52 ********
[19]		2 |								| 
[18]		3 |								| 
[17]		2 |								| 
[16]		0 |								| 15 
[15]		4 |								| 
[14]		1 |								| 16 15 19 11 
[13]		1 |								| 16 6 12 9 
[12]		3 |^	16 13 19 17 	^| 9 7 8 
[11]		1 |								| 12 15 17 10 2 15 15 15 5 
[10]		5 |								| 9 4 9 5 4 
[9]		0 |								| 2 1 8 11 6 16 15 
[8]		0 |								| 9 11 5 3 15 10 13 10 15 18 
[7]		3 |								| 3 11 6 
[6]		4 |								| 10 
[5]		0 |								| 7 11 16 13 17 15 11 8 
[4]		1 |								| 16 19 
[3]		5 |								| 14 14 19 6 15 18 9 13 6 
[2]		0 |								| 
[1]		4 |								| 


******** STEP 53 ********
[19]		2 |								| 
[18]		3 |								| 
[17]		2 |								| 
[16]		0 |								| 15 
[15]		4 |								| 
[14]		1 |								| 16 15 19 11 
[13]		2 |^	16 19 17 	^| 16 6 12 9 
[12]		3 |								| 9 7 8 
[11]		1 |								| 12 15 17 10 2 15 15 15 5 
[10]		5 |								| 9 4 9 5 4 
[9]		0 |								| 2 1 8 11 6 16 15 
[8]		0 |								| 9 11 5 3 15 10 13 10 15 18 
[7]		3 |								| 3 11 6 
[6]		4 |								| 10 
[5]		0 |								| 7 11 16 13 17 15 11 8 
[4]		1 |								| 16 19 
[3]		5 |								| 14 14 19 6 15 18 9 13 6 
[2]		0 |								| 
[1]		4 |								| 


******** STEP 54 ********
[19]		2 |								| 
[18]		3 |								| 
[17]		2 |								| 
[16]		0 |								| 15 
[15]		4 |								| 
[14]		1 |								| 16 15 19 11 
[13]		2 |^	16 19 17 16 	^| 6 12 9 
[12]		3 |								| 9 7 8 
[11]		1 |								| 12 15 17 10 2 15 15 15 5 
[10]		5 |								| 9 4 9 5 4 
[9]		0 |								| 2 1 8 11 6 16 15 
[8]		0 |								| 9 11 5 3 15 10 13 10 15 18 
[7]		3 |								| 3 11 6 
[6]		4 |								| 10 
[5]		0 |								| 7 11 16 13 17 15 11 8 
[4]		1 |								| 16 19 
[3]		5 |								| 14 14 19 6 15 18 9 13 6 
[2]		0 |								| 
[1]		4 |								| 


******** STEP 55 ********
[19]		2 |								| 
[18]		3 |								| 
[17]		2 |								| 
[16]		0 |								| 15 
[15]		4 |								| 
[14]		1 |^	16 19 17 16 19 	^| 16 15 11 
[13]		2 |								| 6 12 9 
[12]		3 |								| 9 7 8 
[11]		1 |								| 12 15 17 10 2 15 15 15 5 
[10]		5 |								| 9 4 9 5 4 
[9]		0 |								| 2 1 8 11 6 16 15 
[8]		0 |								| 9 11 5 3 15 10 13 10 15 18 
[7]		3 |								| 3 11 6 
[6]		4 |								| 10 
[5]		0 |								| 7 11 16 13 17 15 11 8 
[4]		1 |								| 16 19 
[3]		5 |								| 14 14 19 6 15 18 9 13 6 
[2]		0 |								| 
[1]		4 |								| 


******** STEP 56 ********
[19]		2 |								| 
[18]		3 |								| 
[17]		2 |								| 
[16]		2 |^	19 17 19 	^| 15 
[15]		4 |								| 
[14]		1 |								| 16 15 11 
[13]		2 |								| 6 12 9 
[12]		3 |								| 9 7 8 
[11]		1 |								| 12 15 17 10 2 15 15 15 5 
[10]		5 |								| 9 4 9 5 4 
[9]		0 |								| 2 1 8 11 6 16 15 
[8]		0 |								| 9 11 5 3 15 10 13 10 15 18 
[7]		3 |								| 3 11 6 
[6]		4 |								| 10 
[5]		0 |								| 7 11 16 13 17 15 11 8 
[4]		1 |								| 16 19 
[3]		5 |								| 14 14 19 6 15 18 9 13 6 
[2]		0 |								| 
[1]		4 |								| 


******** STEP 57 ********
[19]		2 |								| 
[18]		3 |								| 
[17]		3 |^	19 19 	^| 
[16]		2 |								| 15 
[15]		4 |								| 
[14]		1 |								| 16 15 11 
[13]		2 |								| 6 12 9 
[12]		3 |								| 9 7 8 
[11]		1 |								| 12 15 17 10 2 15 15 15 5 
[10]		5 |								| 9 4 9 5 4 
[9]		0 |								| 2 1 8 11 6 16 15 
[8]		0 |								| 9 11 5 3 15 10 13 10 15 18 
[7]		3 |								| 3 11 6 
[6]		4 |								| 10 
[5]		0 |								| 7 11 16 13 17 15 11 8 
[4]		1 |								| 16 19 
[3]		5 |								| 14 14 19 6 15 18 9 13 6 
[2]		0 |								| 
[1]		4 |								| 


******** STEP 58 ********
[19]		4 |^		^| 
[18]		3 |								| 
[17]		3 |								| 
[16]		2 |								| 15 
[15]		4 |								| 
[14]		1 |								| 16 15 11 
[13]		2 |								| 6 12 9 
[12]		3 |								| 9 7 8 
[11]		1 |								| 12 15 17 10 2 15 15 15 5 
[10]		5 |								| 9 4 9 5 4 
[9]		0 |								| 2 1 8 11 6 16 15 
[8]		0 |								| 9 11 5 3 15 10 13 10 15 18 
[7]		3 |								| 3 11 6 
[6]		4 |								| 10 
[5]		0 |								| 7 11 16 13 17 15 11 8 
[4]		1 |								| 16 19 
[3]		5 |								| 14 14 19 6 15 18 9 13 6 
[2]		0 |								| 
[1]		4 |								| 


******** STEP 59 ********
[19]		4 |								| 
[18]		3 |								| 
[17]		3 |								| 
[16]		2 |v	15 	v| 
[15]		4 |								| 
[14]		1 |								| 16 15 11 
[13]		2 |								| 6 12 9 
[12]		3 |								| 9 7 8 
[11]		1 |								| 12 15 17 10 2 15 15 15 5 
[10]		5 |								| 9 4 9 5 4 
[9]		0 |								| 2 1 8 11 6 16 15 
[8]		0 |								| 9 11 5 3 15 10 13 10 15 18 
[7]		3 |								| 3 11 6 
[6]		4 |								| 10 
[5]		0 |								| 7 11 16 13 17 15 11 8 
[4]		1 |								| 16 19 
[3]		5 |								| 14 14 19 6 15 18 9 13 6 
[2]		0 |								| 
[1]		4 |								| 


******** STEP 60 ********
[19]		4 |								| 
[18]		3 |								| 
[17]		3 |								| 
[16]		2 |								| 
[15]		5 |v		v| 
[14]		1 |								| 16 15 11 
[13]		2 |								| 6 12 9 
[12]		3 |								| 9 7 8 
[11]		1 |								| 12 15 17 10 2 15 15 15 5 
[10]		5 |								| 9 4 9 5 4 
[9]		0 |								| 2 1 8 11 6 16 15 
[8]		0 |								| 9 11 5 3 15 10 13 10 15 18 
[7]		3 |								| 3 11 6 
[6]		4 |								| 10 
[5]		0 |								| 7 11 16 13 17 15 11 8 
[4]		1 |								| 16 19 
[3]		5 |								| 14 14 19 6 15 18 9 13 6 
[2]		0 |								| 
[1]		4 |								| 


******** STEP 61 ********
[19]		4 |								| 
[18]		3 |								| 
[17]		3 |								| 
[16]		2 |								| 
[15]		5 |								| 
[14]		1 |v	16 15 	v| 11 
[13]		2 |								| 6 12 9 
[12]		3 |								| 9 7 8 
[11]		1 |								| 12 15 17 10 2 15 15 15 5 
[10]		5 |								| 9 4 9 5 4 
[9]		0 |								| 2 1 8 11 6 16 15 
[8]		0 |								| 9 11 5 3 15 10 13 10 15 18 
[7]		3 |								| 3 11 6 
[6]		4 |								| 10 
[5]		0 |								| 7 11 16 13 17 15 11 8 
[4]		1 |								| 16 19 
[3]		5 |								| 14 14 19 6 15 18 9 13 6 
[2]		0 |								| 
[1]		4 |								| 


******** STEP 62 ********
[19]		4 |								| 
[18]		3 |								| 
[17]		3 |								| 
[16]		2 |								| 
[15]		5 |								| 
[14]		1 |								| 11 
[13]		2 |v	16 15 6 9 12 	v| 
[12]		3 |								| 9 7 8 
[11]		1 |								| 12 15 17 10 2 15 15 15 5 
[10]		5 |								| 9 4 9 5 4 
[9]		0 |								| 2 1 8 11 6 16 15 
[8]		0 |								| 9 11 5 3 15 10 13 10 15 18 
[7]		3 |								| 3 11 6 
[6]		4 |								| 10 
[5]		0 |								| 7 11 16 13 17 15 11 8 
[4]		1 |								| 16 19 
[3]		5 |								| 14 14 19 6 15 18 9 13 6 
[2]		0 |								| 
[1]		4 |								| 


******** STEP 63 ********
[19]		4 |								| 
[18]		3 |								| 
[17]		3 |								| 
[16]		2 |								| 
[15]		5 |								| 
[14]		1 |								| 11 
[13]		2 |								| 
[12]		4 |v	16 15 6 9 	v| 9 7 8 
[11]		1 |								| 12 15 17 10 2 15 15 15 5 
[10]		5 |								| 9 4 9 5 4 
[9]		0 |								| 2 1 8 11 6 16 15 
[8]		0 |								| 9 11 5 3 15 10 13 10 15 18 
[7]		3 |								| 3 11 6 
[6]		4 |								| 10 
[5]		0 |								| 7 11 16 13 17 15 11 8 
[4]		1 |								| 16 19 
[3]		5 |								| 14 14 19 6 15 18 9 13 6 
[2]		0 |								| 
[1]		4 |								| 


******** STEP 64 ********
[19]		4 |								| 
[18]		3 |								| 
[17]		3 |								| 
[16]		2 |								| 
[15]		5 |								| 
[14]		1 |								| 11 
[13]		2 |								| 
[12]		4 |v	16 15 6 9 7 	v| 9 8 
[11]		1 |								| 12 15 17 10 2 15 15 15 5 
[10]		5 |								| 9 4 9 5 4 
[9]		0 |								| 2 1 8 11 6 16 15 
[8]		0 |								| 9 11 5 3 15 10 13 10 15 18 
[7]		3 |								| 3 11 6 
[6]		4 |								| 10 
[5]		0 |								| 7 11 16 13 17 15 11 8 
[4]		1 |								| 16 19 
[3]		5 |								| 14 14 19 6 15 18 9 13 6 
[2]		0 |								| 
[1]		4 |								| 


******** STEP 65 ********
[19]		4 |								| 
[18]		3 |								| 
[17]		3 |								| 
[16]		2 |								| 
[15]		5 |								| 
[14]		1 |								| 11 
[13]		2 |								| 
[12]		4 |								| 9 8 
[11]		1 |								| 12 15 17 10 2 15 15 15 5 
[10]		5 |								| 9 4 9 5 4 
[9]		1 |v	16 15 6 7 	v| 2 1 8 11 6 16 15 
[8]		0 |								| 9 11 5 3 15 10 13 10 15 18 
[7]		3 |								| 3 11 6 
[6]		4 |								| 10 
[5]		0 |								| 7 11 16 13 17 15 11 8 
[4]		1 |								| 16 19 
[3]		5 |								| 14 14 19 6 15 18 9 13 6 
[2]		0 |								| 
[1]		4 |								| 


******** STEP 66 ********
[19]		4 |								| 
[18]		3 |								| 
[17]		3 |								| 
[16]		2 |								| 
[15]		5 |								| 
[14]		1 |								| 11 
[13]		2 |								| 
[12]		4 |								| 9 8 
[11]		1 |								| 12 15 17 10 2 15 15 15 5 
[10]		5 |								| 9 4 9 5 4 
[9]		1 |v	16 15 6 7 1 	v| 2 8 11 6 16 15 
[8]		0 |								| 9 11 5 3 15 10 13 10 15 18 
[7]		3 |								| 3 11 6 
[6]		4 |								| 10 
[5]		0 |								| 7 11 16 13 17 15 11 8 
[4]		1 |								| 16 19 
[3]		5 |								| 14 14 19 6 15 18 9 13 6 
[2]		0 |								| 
[1]		4 |								| 


******** STEP 67 ********
[19]		4 |								| 
[18]		3 |								| 
[17]		3 |								| 
[16]		2 |								| 
[15]		5 |								| 
[14]		1 |								| 11 
[13]		2 |								| 
[12]		4 |								| 9 8 
[11]		1 |								| 12 15 17 10 2 15 15 15 5 
[10]		5 |								| 9 4 9 5 4 
[9]		1 |								| 2 8 11 6 16 15 
[8]		0 |								| 9 11 5 3 15 10 13 10 15 18 
[7]		4 |v	16 15 6 1 	v| 3 11 6 
[6]		4 |								| 10 
[5]		0 |								| 7 11 16 13 17 15 11 8 
[4]		1 |								| 16 19 
[3]		5 |								| 14 14 19 6 15 18 9 13 6 
[2]		0 |								| 
[1]		4 |								| 


******** STEP 68 ********
[19]		4 |								| 
[18]		3 |								| 
[17]		3 |								| 
[16]		2 |								| 
[15]		5 |								| 
[14]		1 |								| 11 
[13]		2 |								| 
[12]		4 |								| 9 8 
[11]		1 |								| 12 15 17 10 2 15 15 15 5 
[10]		5 |								| 9 4 9 5 4 
[9]		1 |								| 2 8 11 6 16 15 
[8]		0 |								| 9 11 5 3 15 10 13 10 15 18 
[7]		4 |v	16 15 6 1 3 	v| 11 6 
[6]		4 |								| 10 
[5]		0 |								| 7 11 16 13 17 15 11 8 
[4]		1 |								| 16 19 
[3]		5 |								| 14 14 19 6 15 18 9 13 6 
[2]		0 |								| 
[1]		4 |								| 


******** STEP 69 ********
[19]		4 |								| 
[18]		3 |								| 
[17]		3 |								| 
[16]		2 |								| 
[15]		5 |								| 
[14]		1 |								| 11 
[13]		2 |								| 
[12]		4 |								| 9 8 
[11]		1 |								| 12 15 17 10 2 15 15 15 5 
[10]		5 |								| 9 4 9 5 4 
[9]		1 |								| 2 8 11 6 16 15 
[8]		0 |								| 9 11 5 3 15 10 13 10 15 18 
[7]		4 |								| 11 6 
[6]		5 |v	16 15 1 3 	v| 10 
[5]		0 |								| 7 11 16 13 17 15 11 8 
[4]		1 |								| 16 19 
[3]		5 |								| 14 14 19 6 15 18 9 13 6 
[2]		0 |								| 
[1]		4 |								| 


******** STEP 70 ********
[19]		4 |								| 
[18]		3 |								| 
[17]		3 |								| 
[16]		2 |								| 
[15]		5 |								| 
[14]		1 |								| 11 
[13]		2 |								| 
[12]		4 |								| 9 8 
[11]		1 |								| 12 15 17 10 2 15 15 15 5 
[10]		5 |								| 9 4 9 5 4 
[9]		1 |								| 2 8 11 6 16 15 
[8]		0 |								| 9 11 5 3 15 10 13 10 15 18 
[7]		4 |								| 11 6 
[6]		5 |								| 10 
[5]		0 |								| 7 11 16 13 17 15 11 8 
[4]		1 |								| 16 19 
[3]		6 |v	16 15 1 	v| 14 14 19 6 15 18 9 13 6 
[2]		0 |								| 
[1]		4 |								| 


******** STEP 71 ********
[19]		4 |								| 
[18]		3 |								| 
[17]		3 |								| 
[16]		2 |								| 
[15]		5 |								| 
[14]		1 |								| 11 
[13]		2 |								| 
[12]		4 |								| 9 8 
[11]		1 |								| 12 15 17 10 2 15 15 15 5 
[10]		5 |								| 9 4 9 5 4 
[9]		1 |								| 2 8 11 6 16 15 
[8]		0 |								| 9 11 5 3 15 10 13 10 15 18 
[7]		4 |								| 11 6 
[6]		5 |								| 10 
[5]		0 |								| 7 11 16 13 17 15 11 8 
[4]		1 |^	16 15 1 19 16 	^| 
[3]		6 |								| 14 14 19 6 15 18 9 13 6 
[2]		0 |								| 
[1]		4 |								| 


******** STEP 72 ********
[19]		4 |								| 
[18]		3 |								| 
[17]		3 |								| 
[16]		2 |								| 
[15]		6 |^	16 1 19 16 	^| 
[14]		1 |								| 11 
[13]		2 |								| 
[12]		4 |								| 9 8 
[11]		1 |								| 12 15 17 10 2 15 15 15 5 
[10]		5 |								| 9 4 9 5 4 
[9]		1 |								| 2 8 11 6 16 15 
[8]		0 |								| 9 11 5 3 15 10 13 10 15 18 
[7]		4 |								| 11 6 
[6]		5 |								| 10 
[5]		0 |								| 7 11 16 13 17 15 11 8 
[4]		1 |								| 
[3]		6 |								| 14 14 19 6 15 18 9 13 6 
[2]		0 |								| 
[1]		4 |								| 


******** STEP 73 ********
[19]		4 |								| 
[18]		3 |								| 
[17]		3 |								| 
[16]		4 |^	1 19 	^| 
[15]		6 |								| 
[14]		1 |								| 11 
[13]		2 |								| 
[12]		4 |								| 9 8 
[11]		1 |								| 12 15 17 10 2 15 15 15 5 
[10]		5 |								| 9 4 9 5 4 
[9]		1 |								| 2 8 11 6 16 15 
[8]		0 |								| 9 11 5 3 15 10 13 10 15 18 
[7]		4 |								| 11 6 
[6]		5 |								| 10 
[5]		0 |								| 7 11 16 13 17 15 11 8 
[4]		1 |								| 
[3]		6 |								| 14 14 19 6 15 18 9 13 6 
[2]		0 |								| 
[1]		4 |								| 


******** STEP 74 ********
[19]		4 |								| 
[18]		3 |								| 
[17]		3 |								| 
[16]		4 |								| 
[15]		6 |								| 
[14]		1 |v	1 19 11 	v| 
[13]		2 |								| 
[12]		4 |								| 9 8 
[11]		1 |								| 12 15 17 10 2 15 15 15 5 
[10]		5 |								| 9 4 9 5 4 
[9]		1 |								| 2 8 11 6 16 15 
[8]		0 |								| 9 11 5 3 15 10 13 10 15 18 
[7]		4 |								| 11 6 
[6]		5 |								| 10 
[5]		0 |								| 7 11 16 13 17 15 11 8 
[4]		1 |								| 
[3]		6 |								| 14 14 19 6 15 18 9 13 6 
[2]		0 |								| 
[1]		4 |								| 


******** STEP 75 ********
[19]		4 |								| 
[18]		3 |								| 
[17]		3 |								| 
[16]		4 |								| 
[15]		6 |								| 
[14]		1 |								| 
[13]		2 |								| 
[12]		4 |v	1 19 11 8 9 	v| 
[11]		1 |								| 12 15 17 10 2 15 15 15 5 
[10]		5 |								| 9 4 9 5 4 
[9]		1 |								| 2 8 11 6 16 15 
[8]		0 |								| 9 11 5 3 15 10 13 10 15 18 
[7]		4 |								| 11 6 
[6]		5 |								| 10 
[5]		0 |								| 7 11 16 13 17 15 11 8 
[4]		1 |								| 
[3]		6 |								| 14 14 19 6 15 18 9 13 6 
[2]		0 |								| 
[1]		4 |								| 


******** STEP 76 ********
[19]		4 |								| 
[18]		3 |								| 
[17]		3 |								| 
[16]		4 |								| 
[15]		6 |								| 
[14]		1 |								| 
[13]		2 |								| 
[12]		4 |								| 
[11]		2 |v	1 19 8 9 	v| 12 15 17 10 2 15 15 15 5 
[10]		5 |								| 9 4 9 5 4 
[9]		1 |								| 2 8 11 6 16 15 
[8]		0 |								| 9 11 5 3 15 10 13 10 15 18 
[7]		4 |								| 11 6 
[6]		5 |								| 10 
[5]		0 |								| 7 11 16 13 17 15 11 8 
[4]		1 |								| 
[3]		6 |								| 14 14 19 6 15 18 9 13 6 
[2]		0 |								| 
[1]		4 |								| 


******** STEP 77 ********
[19]		4 |								| 
[18]		3 |								| 
[17]		3 |								| 
[16]		4 |								| 
[15]		6 |								| 
[14]		1 |								| 
[13]		2 |								| 
[12]		4 |								| 
[11]		2 |v	1 19 8 9 2 	v| 12 15 17 10 15 15 15 5 
[10]		5 |								| 9 4 9 5 4 
[9]		1 |								| 2 8 11 6 16 15 
[8]		0 |								| 9 11 5 3 15 10 13 10 15 18 
[7]		4 |								| 11 6 
[6]		5 |								| 10 
[5]		0 |								| 7 11 16 13 17 15 11 8 
[4]		1 |								| 
[3]		6 |								| 14 14 19 6 15 18 9 13 6 
[2]		0 |								| 
[1]		4 |								| 


******** STEP 78 ********
[19]		4 |								| 
[18]		3 |								| 
[17]		3 |								| 
[16]		4 |								| 
[15]		6 |								| 
[14]		1 |								| 
[13]		2 |								| 
[12]		4 |								| 
[11]		2 |								| 12 15 17 10 15 15 15 5 
[10]		5 |								| 9 4 9 5 4 
[9]		2 |v	1 19 8 2 	v| 2 8 11 6 16 15 
[8]		0 |								| 9 11 5 3 15 10 13 10 15 18 
[7]		4 |								| 11 6 
[6]		5 |								| 10 
[5]		0 |								| 7 11 16 13 17 15 11 8 
[4]		1 |								| 
[3]		6 |								| 14 14 19 6 15 18 9 13 6 
[2]		0 |								| 
[1]		4 |								| 


******** STEP 79 ********
[19]		4 |								| 
[18]		3 |								| 
[17]		3 |								| 
[16]		4 |								| 
[15]		6 |								| 
[14]		1 |								| 
[13]		2 |								| 
[12]		4 |								| 
[11]		2 |								| 12 15 17 10 15 15 15 5 
[10]		5 |								| 9 4 9 5 4 
[9]		2 |v	1 19 8 2 2 	v| 8 11 6 16 15 
[8]		0 |								| 9 11 5 3 15 10 13 10 15 18 
[7]		4 |								| 11 6 
[6]		5 |								| 10 
[5]		0 |								| 7 11 16 13 17 15 11 8 
[4]		1 |								| 
[3]		6 |								| 14 14 19 6 15 18 9 13 6 
[2]		0 |								| 
[1]		4 |								| 


******** STEP 80 ********
[19]		4 |								| 
[18]		3 |								| 
[17]		3 |								| 
[16]		4 |								| 
[15]		6 |								| 
[14]		1 |								| 
[13]		2 |								| 
[12]		4 |								| 
[11]		2 |								| 12 15 17 10 15 15 15 5 
[10]		5 |								| 9 4 9 5 4 
[9]		2 |								| 8 11 6 16 15 
[8]		1 |v	1 19 2 2 	v| 9 11 5 3 15 10 13 10 15 18 
[7]		4 |								| 11 6 
[6]		5 |								| 10 
[5]		0 |								| 7 11 16 13 17 15 11 8 
[4]		1 |								| 
[3]		6 |								| 14 14 19 6 15 18 9 13 6 
[2]		0 |								| 
[1]		4 |								| 


******** STEP 81 ********
[19]		4 |								| 
[18]		3 |								| 
[17]		3 |								| 
[16]		4 |								| 
[15]		6 |								| 
[14]		1 |								| 
[13]		2 |								| 
[12]		4 |								| 
[11]		2 |								| 12 15 17 10 15 15 15 5 
[10]		5 |								| 9 4 9 5 4 
[9]		2 |								| 8 11 6 16 15 
[8]		1 |v	1 19 2 2 3 	v| 9 11 5 15 10 13 10 15 18 
[7]		4 |								| 11 6 
[6]		5 |								| 10 
[5]		0 |								| 7 11 16 13 17 15 11 8 
[4]		1 |								| 
[3]		6 |								| 14 14 19 6 15 18 9 13 6 
[2]		0 |								| 
[1]		4 |								| 


******** STEP 82 ********
[19]		4 |								| 
[18]		3 |								| 
[17]		3 |								| 
[16]		4 |								| 
[15]		6 |								| 
[14]		1 |								| 
[13]		2 |								| 
[12]		4 |								| 
[11]		2 |								| 12 15 17 10 15 15 15 5 
[10]		5 |								| 9 4 9 5 4 
[9]		2 |								| 8 11 6 16 15 
[8]		1 |								| 9 11 5 15 10 13 10 15 18 
[7]		4 |								| 11 6 
[6]		5 |								| 10 
[5]		0 |								| 7 11 16 13 17 15 11 8 
[4]		1 |								| 
[3]		7 |v	1 19 2 2 	v| 14 14 19 6 15 18 9 13 6 
[2]		0 |								| 
[1]		4 |								| 


******** STEP 83 ********
[19]		4 |								| 
[18]		3 |								| 
[17]		3 |								| 
[16]		4 |								| 
[15]		6 |								| 
[14]		1 |								| 
[13]		2 |								| 
[12]		4 |								| 
[11]		2 |								| 12 15 17 10 15 15 15 5 
[10]		5 |								| 9 4 9 5 4 
[9]		2 |								| 8 11 6 16 15 
[8]		1 |								| 9 11 5 15 10 13 10 15 18 
[7]		4 |								| 11 6 
[6]		5 |								| 10 
[5]		0 |								| 7 11 16 13 17 15 11 8 
[4]		1 |								| 
[3]		7 |								| 14 14 19 6 15 18 9 13 6 
[2]		2 |v	1 19 	v| 
[1]		4 |								| 


******** STEP 84 ********
[19]		4 |								| 
[18]		3 |								| 
[17]		3 |								| 
[16]		4 |								| 
[15]		6 |								| 
[14]		1 |								| 
[13]		2 |								| 
[12]		4 |								| 
[11]		2 |								| 12 15 17 10 15 15 15 5 
[10]		5 |								| 9 4 9 5 4 
[9]		2 |								| 8 11 6 16 15 
[8]		1 |								| 9 11 5 15 10 13 10 15 18 
[7]		4 |								| 11 6 
[6]		5 |								| 10 
[5]		0 |								| 7 11 16 13 17 15 11 8 
[4]		1 |								| 
[3]		7 |								| 14 14 19 6 15 18 9 13 6 
[2]		2 |								| 
[1]		5 |v	19 	v| 


******** STEP 85 ********
[19]		4 |								| 
[18]		3 |								| 
[17]		3 |								| 
[16]		4 |								| 
[15]		6 |								| 
[14]		1 |								| 
[13]		2 |								| 
[12]		4 |								| 
[11]		2 |								| 12 15 17 10 15 15 15 5 
[10]		5 |								| 9 4 9 5 4 
[9]		2 |								| 8 11 6 16 15 
[8]		1 |								| 9 11 5 15 10 13 10 15 18 
[7]		4 |								| 11 6 
[6]		5 |								| 10 
[5]		0 |								| 7 11 16 13 17 15 11 8 
[4]		1 |								| 
[3]		7 |^	19 19 18 15 14 	^| 14 6 9 13 6 
[2]		2 |								| 
[1]		5 |								| 


******** STEP 86 ********
[19]		4 |								| 
[18]		3 |								| 
[17]		3 |								| 
[16]		4 |								| 
[15]		6 |								| 
[14]		2 |^	19 19 18 15 	^| 
[13]		2 |								| 
[12]		4 |								| 
[11]		2 |								| 12 15 17 10 15 15 15 5 
[10]		5 |								| 9 4 9 5 4 
[9]		2 |								| 8 11 6 16 15 
[8]		1 |								| 9 11 5 15 10 13 10 15 18 
[7]		4 |								| 11 6 
[6]		5 |								| 10 
[5]		0 |								| 7 11 16 13 17 15 11 8 
[4]		1 |								| 
[3]		7 |								| 14 6 9 13 6 
[2]		2 |								| 
[1]		5 |								| 


******** STEP 87 ********
[19]		4 |								| 
[18]		3 |								| 
[17]		3 |								| 
[16]		4 |								| 
[15]		7 |^	19 19 18 	^| 
[14]		2 |								| 
[13]		2 |								| 
[12]		4 |								| 
[11]		2 |								| 12 15 17 10 15 15 15 5 
[10]		5 |								| 9 4 9 5 4 
[9]		2 |								| 8 11 6 16 15 
[8]		1 |								| 9 11 5 15 10 13 10 15 18 
[7]		4 |								| 11 6 
[6]		5 |								| 10 
[5]		0 |								| 7 11 16 13 17 15 11 8 
[4]		1 |								| 
[3]		7 |								| 14 6 9 13 6 
[2]		2 |								| 
[1]		5 |								| 


******** STEP 88 ********
[19]		4 |								| 
[18]		4 |^	19 19 	^| 
[17]		3 |								| 
[16]		4 |								| 
[15]		7 |								| 
[14]		2 |								| 
[13]		2 |								| 
[12]		4 |								| 
[11]		2 |								| 12 15 17 10 15 15 15 5 
[10]		5 |								| 9 4 9 5 4 
[9]		2 |								| 8 11 6 16 15 
[8]		1 |								| 9 11 5 15 10 13 10 15 18 
[7]		4 |								| 11 6 
[6]		5 |								| 10 
[5]		0 |								| 7 11 16 13 17 15 11 8 
[4]		1 |								| 
[3]		7 |								| 14 6 9 13 6 
[2]		2 |								| 
[1]		5 |								| 


******** STEP 89 ********
[19]		6 |^		^| 
[18]		4 |								| 
[17]		3 |								| 
[16]		4 |								| 
[15]		7 |								| 
[14]		2 |								| 
[13]		2 |								| 
[12]		4 |								| 
[11]		2 |								| 12 15 17 10 15 15 15 5 
[10]		5 |								| 9 4 9 5 4 
[9]		2 |								| 8 11 6 16 15 
[8]		1 |								| 9 11 5 15 10 13 10 15 18 
[7]		4 |								| 11 6 
[6]		5 |								| 10 
[5]		0 |								| 7 11 16 13 17 15 11 8 
[4]		1 |								| 
[3]		7 |								| 14 6 9 13 6 
[2]		2 |								| 
[1]		5 |								| 


******** STEP 90 ********
[19]		6 |								| 
[18]		4 |								| 
[17]		3 |								| 
[16]		4 |								| 
[15]		7 |								| 
[14]		2 |								| 
[13]		2 |								| 
[12]		4 |								| 
[11]		2 |v	17 15 15 15 15 	v| 12 10 5 
[10]		5 |								| 9 4 9 5 4 
[9]		2 |								| 8 11 6 16 15 
[8]		1 |								| 9 11 5 15 10 13 10 15 18 
[7]		4 |								| 11 6 
[6]		5 |								| 10 
[5]		0 |								| 7 11 16 13 17 15 11 8 
[4]		1 |								| 
[3]		7 |								| 14 6 9 13 6 
[2]		2 |								| 
[1]		5 |								| 


******** STEP 91 ********
[19]		6 |								| 
[18]		4 |								| 
[17]		3 |								| 
[16]		4 |								| 
[15]		11 |^	17 	^| 
[14]		2 |								| 
[13]		2 |								| 
[12]		4 |								| 
[11]		2 |								| 12 10 5 
[10]		5 |								| 9 4 9 5 4 
[9]		2 |								| 8 11 6 16 15 
[8]		1 |								| 9 11 5 15 10 13 10 15 18 
[7]		4 |								| 11 6 
[6]		5 |								| 10 
[5]		0 |								| 7 11 16 13 17 15 11 8 
[4]		1 |								| 
[3]		7 |								| 14 6 9 13 6 
[2]		2 |								| 
[1]		5 |								| 


******** STEP 92 ********
[19]		6 |								| 
[18]		4 |								| 
[17]		4 |^		^| 
[16]		4 |								| 
[15]		11 |								| 
[14]		2 |								| 
[13]		2 |								| 
[12]		4 |								| 
[11]		2 |								| 12 10 5 
[10]		5 |								| 9 4 9 5 4 
[9]		2 |								| 8 11 6 16 15 
[8]		1 |								| 9 11 5 15 10 13 10 15 18 
[7]		4 |								| 11 6 
[6]		5 |								| 10 
[5]		0 |								| 7 11 16 13 17 15 11 8 
[4]		1 |								| 
[3]		7 |								| 14 6 9 13 6 
[2]		2 |								| 
[1]		5 |								| 


******** STEP 93 ********
[19]		6 |								| 
[18]		4 |								| 
[17]		4 |								| 
[16]		4 |								| 
[15]		11 |								| 
[14]		2 |								| 
[13]		2 |								| 
[12]		4 |								| 
[11]		2 |v	5 10 	v| 12 
[10]		5 |								| 9 4 9 5 4 
[9]		2 |								| 8 11 6 16 15 
[8]		1 |								| 9 11 5 15 10 13 10 15 18 
[7]		4 |								| 11 6 
[6]		5 |								| 10 
[5]		0 |								| 7 11 16 13 17 15 11 8 
[4]		1 |								| 
[3]		7 |								| 14 6 9 13 6 
[2]		2 |								| 
[1]		5 |								| 


******** STEP 94 ********
[19]		6 |								| 
[18]		4 |								| 
[17]		4 |								| 
[16]		4 |								| 
[15]		11 |								| 
[14]		2 |								| 
[13]		2 |								| 
[12]		4 |								| 
[11]		2 |								| 12 
[10]		6 |v	5 	v| 9 4 9 5 4 
[9]		2 |								| 8 11 6 16 15 
[8]		1 |								| 9 11 5 15 10 13 10 15 18 
[7]		4 |								| 11 6 
[6]		5 |								| 10 
[5]		0 |								| 7 11 16 13 17 15 11 8 
[4]		1 |								| 
[3]		7 |								| 14 6 9 13 6 
[2]		2 |								| 
[1]		5 |								| 


******** STEP 95 ********
[19]		6 |								| 
[18]		4 |								| 
[17]		4 |								| 
[16]		4 |								| 
[15]		11 |								| 
[14]		2 |								| 
[13]		2 |								| 
[12]		4 |								| 
[11]		2 |								| 12 
[10]		6 |v	5 4 4 5 9 	v| 9 
[9]		2 |								| 8 11 6 16 15 
[8]		1 |								| 9 11 5 15 10 13 10 15 18 
[7]		4 |								| 11 6 
[6]		5 |								| 10 
[5]		0 |								| 7 11 16 13 17 15 11 8 
[4]		1 |								| 
[3]		7 |								| 14 6 9 13 6 
[2]		2 |								| 
[1]		5 |								| 


******** STEP 96 ********
[19]		6 |								| 
[18]		4 |								| 
[17]		4 |								| 
[16]		4 |								| 
[15]		11 |								| 
[14]		2 |								| 
[13]		2 |								| 
[12]		4 |								| 
[11]		2 |								| 12 
[10]		6 |								| 9 
[9]		3 |v	5 4 4 5 	v| 8 11 6 16 15 
[8]		1 |								| 9 11 5 15 10 13 10 15 18 
[7]		4 |								| 11 6 
[6]		5 |								| 10 
[5]		0 |								| 7 11 16 13 17 15 11 8 
[4]		1 |								| 
[3]		7 |								| 14 6 9 13 6 
[2]		2 |								| 
[1]		5 |								| 


******** STEP 97 ********
[19]		6 |								| 
[18]		4 |								| 
[17]		4 |								| 
[16]		4 |								| 
[15]		11 |								| 
[14]		2 |								| 
[13]		2 |								| 
[12]		4 |								| 
[11]		2 |								| 12 
[10]		6 |								| 9 
[9]		3 |v	5 4 4 5 6 	v| 8 11 16 15 
[8]		1 |								| 9 11 5 15 10 13 10 15 18 
[7]		4 |								| 11 6 
[6]		5 |								| 10 
[5]		0 |								| 7 11 16 13 17 15 11 8 
[4]		1 |								| 
[3]		7 |								| 14 6 9 13 6 
[2]		2 |								| 
[1]		5 |								| 


******** STEP 98 ********
[19]		6 |								| 
[18]		4 |								| 
[17]		4 |								| 
[16]		4 |								| 
[15]		11 |								| 
[14]		2 |								| 
[13]		2 |								| 
[12]		4 |								| 
[11]		2 |								| 12 
[10]		6 |								| 9 
[9]		3 |								| 8 11 16 15 
[8]		1 |								| 9 11 5 15 10 13 10 15 18 
[7]		4 |								| 11 6 
[6]		6 |v	5 4 4 5 	v| 10 
[5]		0 |								| 7 11 16 13 17 15 11 8 
[4]		1 |								| 
[3]		7 |								| 14 6 9 13 6 
[2]		2 |								| 
[1]		5 |								| 


******** STEP 99 ********
[19]		6 |								| 
[18]		4 |								| 
[17]		4 |								| 
[16]		4 |								| 
[15]		11 |								| 
[14]		2 |								| 
[13]		2 |								| 
[12]		4 |								| 
[11]		2 |								| 12 
[10]		6 |								| 9 
[9]		3 |								| 8 11 16 15 
[8]		1 |								| 9 11 5 15 10 13 10 15 18 
[7]		4 |								| 11 6 
[6]		6 |								| 10 
[5]		2 |v	4 4 	v| 7 11 16 13 17 15 11 8 
[4]		1 |								| 
[3]		7 |								| 14 6 9 13 6 
[2]		2 |								| 
[1]		5 |								| 


******** STEP 100 ********
[19]		6 |								| 
[18]		4 |								| 
[17]		4 |								| 
[16]		4 |								| 
[15]		11 |								| 
[14]		2 |								| 
[13]		2 |								| 
[12]		4 |								| 
[11]		2 |								| 12 
[10]		6 |								| 9 
[9]		3 |								| 8 11 16 15 
[8]		1 |								| 9 11 5 15 10 13 10 15 18 
[7]		4 |								| 11 6 
[6]		6 |								| 10 
[5]		2 |								| 7 11 16 13 17 15 11 8 
[4]		3 |v		v| 
[3]		7 |								| 14 6 9 13 6 
[2]		2 |								| 
[1]		5 |								| 


******** STEP 101 ********
[19]		6 |								| 
[18]		4 |								| 
[17]		4 |								| 
[16]		4 |								| 
[15]		11 |								| 
[14]		2 |								| 
[13]		2 |								| 
[12]		4 |								| 
[11]		2 |								| 12 
[10]		6 |								| 9 
[9]		3 |								| 8 11 16 15 
[8]		1 |								| 9 11 5 15 10 13 10 15 18 
[7]		4 |								| 11 6 
[6]		6 |								| 10 
[5]		2 |								| 7 11 16 13 17 15 11 8 
[4]		3 |								| 
[3]		7 |v	14 13 9 6 6 	v| 
[2]		2 |								| 
[1]		5 |								| 


******** STEP 102 ********
[19]		6 |								| 
[18]		4 |								| 
[17]		4 |								| 
[16]		4 |								| 
[15]		11 |								| 
[14]		2 |								| 
[13]		2 |								| 
[12]		4 |								| 
[11]		2 |								| 12 
[10]		6 |								| 9 
[9]		3 |								| 8 11 16 15 
[8]		1 |								| 9 11 5 15 10 13 10 15 18 
[7]		4 |								| 11 6 
[6]		8 |^	14 13 9 	^| 10 
[5]		2 |								| 7 11 16 13 17 15 11 8 
[4]		3 |								| 
[3]		7 |								| 
[2]		2 |								| 
[1]		5 |								| 


******** STEP 103 ********
[19]		6 |								| 
[18]		4 |								| 
[17]		4 |								| 
[16]		4 |								| 
[15]		11 |								| 
[14]		2 |								| 
[13]		2 |								| 
[12]		4 |								| 
[11]		2 |								| 12 
[10]		6 |								| 9 
[9]		3 |								| 8 11 16 15 
[8]		1 |								| 9 11 5 15 10 13 10 15 18 
[7]		4 |								| 11 6 
[6]		8 |^	14 13 9 10 	^| 
[5]		2 |								| 7 11 16 13 17 15 11 8 
[4]		3 |								| 
[3]		7 |								| 
[2]		2 |								| 
[1]		5 |								| 


******** STEP 104 ********
[19]		6 |								| 
[18]		4 |								| 
[17]		4 |								| 
[16]		4 |								| 
[15]		11 |								| 
[14]		2 |								| 
[13]		2 |								| 
[12]		4 |								| 
[11]		2 |								| 12 
[10]		6 |								| 9 
[9]		3 |								| 8 11 16 15 
[8]		1 |								| 9 11 5 15 10 13 10 15 18 
[7]		4 |^	14 13 9 10 11 	^| 6 
[6]		8 |								| 
[5]		2 |								| 7 11 16 13 17 15 11 8 
[4]		3 |								| 
[3]		7 |								| 
[2]		2 |								| 
[1]		5 |								| 


******** STEP 105 ********
[19]		6 |								| 
[18]		4 |								| 
[17]		4 |								| 
[16]		4 |								| 
[15]		11 |								| 
[14]		2 |								| 
[13]		2 |								| 
[12]		4 |								| 
[11]		2 |								| 12 
[10]		6 |								| 9 
[9]		4 |^	14 13 10 11 	^| 8 11 16 15 
[8]		1 |								| 9 11 5 15 10 13 10 15 18 
[7]		4 |								| 6 
[6]		8 |								| 
[5]		2 |								| 7 11 16 13 17 15 11 8 
[4]		3 |								| 
[3]		7 |								| 
[2]		2 |								| 
[1]		5 |								| 


******** STEP 106 ********
[19]		6 |								| 
[18]		4 |								| 
[17]		4 |								| 
[16]		4 |								| 
[15]		11 |								| 
[14]		2 |								| 
[13]		2 |								| 
[12]		4 |								| 
[11]		2 |								| 12 
[10]		6 |								| 9 
[9]		4 |^	14 13 10 11 16 	^| 8 11 15 
[8]		1 |								| 9 11 5 15 10 13 10 15 18 
[7]		4 |								| 6 
[6]		8 |								| 
[5]		2 |								| 7 11 16 13 17 15 11 8 
[4]		3 |								| 
[3]		7 |								| 
[2]		2 |								| 
[1]		5 |								| 


******** STEP 107 ********
[19]		6 |								| 
[18]		4 |								| 
[17]		4 |								| 
[16]		4 |								| 
[15]		11 |								| 
[14]		2 |								| 
[13]		2 |								| 
[12]		4 |								| 
[11]		2 |								| 12 
[10]		7 |^	14 13 11 16 	^| 9 
[9]		4 |								| 8 11 15 
[8]		1 |								| 9 11 5 15 10 13 10 15 18 
[7]		4 |								| 6 
[6]		8 |								| 
[5]		2 |								| 7 11 16 13 17 15 11 8 
[4]		3 |								| 
[3]		7 |								| 
[2]		2 |								| 
[1]		5 |								| 


******** STEP 108 ********
[19]		6 |								| 
[18]		4 |								| 
[17]		4 |								| 
[16]		4 |								| 
[15]		11 |								| 
[14]		2 |								| 
[13]		2 |								| 
[12]		4 |								| 
[11]		3 |^	14 13 16 	^| 12 
[10]		7 |								| 9 
[9]		4 |								| 8 11 15 
[8]		1 |								| 9 11 5 15 10 13 10 15 18 
[7]		4 |								| 6 
[6]		8 |								| 
[5]		2 |								| 7 11 16 13 17 15 11 8 
[4]		3 |								| 
[3]		7 |								| 
[2]		2 |								| 
[1]		5 |								| 


******** STEP 109 ********
[19]		6 |								| 
[18]		4 |								| 
[17]		4 |								| 
[16]		4 |								| 
[15]		11 |								| 
[14]		2 |								| 
[13]		2 |								| 
[12]		4 |								| 
[11]		3 |^	14 13 16 12 	^| 
[10]		7 |								| 9 
[9]		4 |								| 8 11 15 
[8]		1 |								| 9 11 5 15 10 13 10 15 18 
[7]		4 |								| 6 
[6]		8 |								| 
[5]		2 |								| 7 11 16 13 17 15 11 8 
[4]		3 |								| 
[3]		7 |								| 
[2]		2 |								| 
[1]		5 |								| 


******** STEP 110 ********
[19]		6 |								| 
[18]		4 |								| 
[17]		4 |								| 
[16]		4 |								| 
[15]		11 |								| 
[14]		2 |								| 
[13]		2 |								| 
[12]		5 |^	14 13 16 	^| 
[11]		3 |								| 
[10]		7 |								| 9 
[9]		4 |								| 8 11 15 
[8]		1 |								| 9 11 5 15 10 13 10 15 18 
[7]		4 |								| 6 
[6]		8 |								| 
[5]		2 |								| 7 11 16 13 17 15 11 8 
[4]		3 |								| 
[3]		7 |								| 
[2]		2 |								| 
[1]		5 |								| 


******** STEP 111 ********
[19]		6 |								| 
[18]		4 |								| 
[17]		4 |								| 
[16]		4 |								| 
[15]		11 |								| 
[14]		2 |								| 
[13]		3 |^	14 16 	^| 
[12]		5 |								| 
[11]		3 |								| 
[10]		7 |								| 9 
[9]		4 |								| 8 11 15 
[8]		1 |								| 9 11 5 15 10 13 10 15 18 
[7]		4 |								| 6 
[6]		8 |								| 
[5]		2 |								| 7 11 16 13 17 15 11 8 
[4]		3 |								| 
[3]		7 |								| 
[2]		2 |								| 
[1]		5 |								| 


******** STEP 112 ********
[19]		6 |								| 
[18]		4 |								| 
[17]		4 |								| 
[16]		4 |								| 
[15]		11 |								| 
[14]		3 |^	16 	^| 
[13]		3 |								| 
[12]		5 |								| 
[11]		3 |								| 
[10]		7 |								| 9 
[9]		4 |								| 8 11 15 
[8]		1 |								| 9 11 5 15 10 13 10 15 18 
[7]		4 |								| 6 
[6]		8 |								| 
[5]		2 |								| 7 11 16 13 17 15 11 8 
[4]		3 |								| 
[3]		7 |								| 
[2]		2 |								| 
[1]		5 |								| 


******** STEP 113 ********
[19]		6 |								| 
[18]		4 |								| 
[17]		4 |								| 
[16]		5 |^		^| 
[15]		11 |								| 
[14]		3 |								| 
[13]		3 |								| 
[12]		5 |								| 
[11]		3 |								| 
[10]		7 |								| 9 
[9]		4 |								| 8 11 15 
[8]		1 |								| 9 11 5 15 10 13 10 15 18 
[7]		4 |								| 6 
[6]		8 |								| 
[5]		2 |								| 7 11 16 13 17 15 11 8 
[4]		3 |								| 
[3]		7 |								| 
[2]		2 |								| 
[1]		5 |								| 


******** STEP 114 ********
[19]		6 |								| 
[18]		4 |								| 
[17]		4 |								| 
[16]		5 |								| 
[15]		11 |								| 
[14]		3 |								| 
[13]		3 |								| 
[12]		5 |								| 
[11]		3 |								| 
[10]		7 |v	9 	v| 
[9]		4 |								| 8 11 15 
[8]		1 |								| 9 11 5 15 10 13 10 15 18 
[7]		4 |								| 6 
[6]		8 |								| 
[5]		2 |								| 7 11 16 13 17 15 11 8 
[4]		3 |								| 
[3]		7 |								| 
[2]		2 |								| 
[1]		5 |								| 


******** STEP 115 ********
[19]		6 |								| 
[18]		4 |								| 
[17]		4 |								| 
[16]		5 |								| 
[15]		11 |								| 
[14]		3 |								| 
[13]		3 |								| 
[12]		5 |								| 
[11]		3 |								| 
[10]		7 |								| 
[9]		5 |v		v| 8 11 15 
[8]		1 |								| 9 11 5 15 10 13 10 15 18 
[7]		4 |								| 6 
[6]		8 |								| 
[5]		2 |								| 7 11 16 13 17 15 11 8 
[4]		3 |								| 
[3]		7 |								| 
[2]		2 |								| 
[1]		5 |								| 


******** STEP 116 ********
[19]		6 |								| 
[18]		4 |								| 
[17]		4 |								| 
[16]		5 |								| 
[15]		11 |								| 
[14]		3 |								| 
[13]		3 |								| 
[12]		5 |								| 
[11]		3 |								| 
[10]		7 |								| 
[9]		5 |v	15 11 	v| 8 
[8]		1 |								| 9 11 5 15 10 13 10 15 18 
[7]		4 |								| 6 
[6]		8 |								| 
[5]		2 |								| 7 11 16 13 17 15 11 8 
[4]		3 |								| 
[3]		7 |								| 
[2]		2 |								| 
[1]		5 |								| 


******** STEP 117 ********
[19]		6 |								| 
[18]		4 |								| 
[17]		4 |								| 
[16]		5 |								| 
[15]		11 |								| 
[14]		3 |								| 
[13]		3 |								| 
[12]		5 |								| 
[11]		3 |								| 
[10]		7 |								| 
[9]		5 |								| 8 
[8]		1 |v	15 11 5 	v| 9 11 15 10 13 10 15 18 
[7]		4 |								| 6 
[6]		8 |								| 
[5]		2 |								| 7 11 16 13 17 15 11 8 
[4]		3 |								| 
[3]		7 |								| 
[2]		2 |								| 
[1]		5 |								| 


******** STEP 118 ********
[19]		6 |								| 
[18]		4 |								| 
[17]		4 |								| 
[16]		5 |								| 
[15]		11 |								| 
[14]		3 |								| 
[13]		3 |								| 
[12]		5 |								| 
[11]		3 |								| 
[10]		7 |								| 
[9]		5 |								| 8 
[8]		1 |								| 9 11 15 10 13 10 15 18 
[7]		4 |v	15 11 5 6 	v| 
[6]		8 |								| 
[5]		2 |								| 7 11 16 13 17 15 11 8 
[4]		3 |								| 
[3]		7 |								| 
[2]		2 |								| 
[1]		5 |								| 


******** STEP 119 ********
[19]		6 |								| 
[18]		4 |								| 
[17]		4 |								| 
[16]		5 |								| 
[15]		11 |								| 
[14]		3 |								| 
[13]		3 |								| 
[12]		5 |								| 
[11]		3 |								| 
[10]		7 |								| 
[9]		5 |								| 8 
[8]		1 |								| 9 11 15 10 13 10 15 18 
[7]		4 |								| 
[6]		9 |v	15 11 5 	v| 
[5]		2 |								| 7 11 16 13 17 15 11 8 
[4]		3 |								| 
[3]		7 |								| 
[2]		2 |								| 
[1]		5 |								| 


******** STEP 120 ********
[19]		6 |								| 
[18]		4 |								| 
[17]		4 |								| 
[16]		5 |								| 
[15]		11 |								| 
[14]		3 |								| 
[13]		3 |								| 
[12]		5 |								| 
[11]		3 |								| 
[10]		7 |								| 
[9]		5 |								| 8 
[8]		1 |								| 9 11 15 10 13 10 15 18 
[7]		4 |								| 
[6]		9 |								| 
[5]		3 |v	15 11 	v| 7 11 16 13 17 15 11 8 
[4]		3 |								| 
[3]		7 |								| 
[2]		2 |								| 
[1]		5 |								| 


******** STEP 121 ********
[19]		6 |								| 
[18]		4 |								| 
[17]		4 |								| 
[16]		5 |								| 
[15]		11 |								| 
[14]		3 |								| 
[13]		3 |								| 
[12]		5 |								| 
[11]		3 |								| 
[10]		7 |								| 
[9]		5 |								| 8 
[8]		1 |^	15 11 18 15 15 	^| 9 11 10 13 10 
[7]		4 |								| 
[6]		9 |								| 
[5]		3 |								| 7 11 16 13 17 15 11 8 
[4]		3 |								| 
[3]		7 |								| 
[2]		2 |								| 
[1]		5 |								| 


******** STEP 122 ********
[19]		6 |								| 
[18]		4 |								| 
[17]		4 |								| 
[16]		5 |								| 
[15]		11 |								| 
[14]		3 |								| 
[13]		3 |								| 
[12]		5 |								| 
[11]		4 |^	15 18 15 15 	^| 
[10]		7 |								| 
[9]		5 |								| 8 
[8]		1 |								| 9 11 10 13 10 
[7]		4 |								| 
[6]		9 |								| 
[5]		3 |								| 7 11 16 13 17 15 11 8 
[4]		3 |								| 
[3]		7 |								| 
[2]		2 |								| 
[1]		5 |								| 


******** STEP 123 ********
[19]		6 |								| 
[18]		4 |								| 
[17]		4 |								| 
[16]		5 |								| 
[15]		14 |^	18 	^| 
[14]		3 |								| 
[13]		3 |								| 
[12]		5 |								| 
[11]		4 |								| 
[10]		7 |								| 
[9]		5 |								| 8 
[8]		1 |								| 9 11 10 13 10 
[7]		4 |								| 
[6]		9 |								| 
[5]		3 |								| 7 11 16 13 17 15 11 8 
[4]		3 |								| 
[3]		7 |								| 
[2]		2 |								| 
[1]		5 |								| 


******** STEP 124 ********
[19]		6 |								| 
[18]		5 |^		^| 
[17]		4 |								| 
[16]		5 |								| 
[15]		14 |								| 
[14]		3 |								| 
[13]		3 |								| 
[12]		5 |								| 
[11]		4 |								| 
[10]		7 |								| 
[9]		5 |								| 8 
[8]		1 |								| 9 11 10 13 10 
[7]		4 |								| 
[6]		9 |								| 
[5]		3 |								| 7 11 16 13 17 15 11 8 
[4]		3 |								| 
[3]		7 |								| 
[2]		2 |								| 
[1]		5 |								| 


******** STEP 125 ********
[19]		6 |								| 
[18]		5 |								| 
[17]		4 |								| 
[16]		5 |								| 
[15]		14 |								| 
[14]		3 |								| 
[13]		3 |								| 
[12]		5 |								| 
[11]		4 |								| 
[10]		7 |								| 
[9]		5 |v	8 	v| 
[8]		1 |								| 9 11 10 13 10 
[7]		4 |								| 
[6]		9 |								| 
[5]		3 |								| 7 11 16 13 17 15 11 8 
[4]		3 |								| 
[3]		7 |								| 
[2]		2 |								| 
[1]		5 |								| 


******** STEP 126 ********
[19]		6 |								| 
[18]		5 |								| 
[17]		4 |								| 
[16]		5 |								| 
[15]		14 |								| 
[14]		3 |								| 
[13]		3 |								| 
[12]		5 |								| 
[11]		4 |								| 
[10]		7 |								| 
[9]		5 |								| 
[8]		2 |v		v| 9 11 10 13 10 
[7]		4 |								| 
[6]		9 |								| 
[5]		3 |								| 7 11 16 13 17 15 11 8 
[4]		3 |								| 
[3]		7 |								| 
[2]		2 |								| 
[1]		5 |								| 


******** STEP 127 ********
[19]		6 |								| 
[18]		5 |								| 
[17]		4 |								| 
[16]		5 |								| 
[15]		14 |								| 
[14]		3 |								| 
[13]		3 |								| 
[12]		5 |								| 
[11]		4 |								| 
[10]		7 |								| 
[9]		5 |								| 
[8]		2 |v	13 11 10 10 9 	v| 
[7]		4 |								| 
[6]		9 |								| 
[5]		3 |								| 7 11 16 13 17 15 11 8 
[4]		3 |								| 
[3]		7 |								| 
[2]		2 |								| 
[1]		5 |								| 


******** STEP 128 ********
[19]		6 |								| 
[18]		5 |								| 
[17]		4 |								| 
[16]		5 |								| 
[15]		14 |								| 
[14]		3 |								| 
[13]		3 |								| 
[12]		5 |								| 
[11]		4 |								| 
[10]		7 |								| 
[9]		6 |^	13 11 10 10 	^| 
[8]		2 |								| 
[7]		4 |								| 
[6]		9 |								| 
[5]		3 |								| 7 11 16 13 17 15 11 8 
[4]		3 |								| 
[3]		7 |								| 
[2]		2 |								| 
[1]		5 |								| 


******** STEP 129 ********
[19]		6 |								| 
[18]		5 |								| 
[17]		4 |								| 
[16]		5 |								| 
[15]		14 |								| 
[14]		3 |								| 
[13]		3 |								| 
[12]		5 |								| 
[11]		4 |								| 
[10]		9 |^	13 11 	^| 
[9]		6 |								| 
[8]		2 |								| 
[7]		4 |								| 
[6]		9 |								| 
[5]		3 |								| 7 11 16 13 17 15 11 8 
[4]		3 |								| 
[3]		7 |								| 
[2]		2 |								| 
[1]		5 |								| 


******** STEP 130 ********
[19]		6 |								| 
[18]		5 |								| 
[17]		4 |								| 
[16]		5 |								| 
[15]		14 |								| 
[14]		3 |								| 
[13]		3 |								| 
[12]		5 |								| 
[11]		5 |^	13 	^| 
[10]		9 |								| 
[9]		6 |								| 
[8]		2 |								| 
[7]		4 |								| 
[6]		9 |								| 
[5]		3 |								| 7 11 16 13 17 15 11 8 
[4]		3 |								| 
[3]		7 |								| 
[2]		2 |								| 
[1]		5 |								| 


******** STEP 131 ********
[19]		6 |								| 
[18]		5 |								| 
[17]		4 |								| 
[16]		5 |								| 
[15]		14 |								| 
[14]		3 |								| 
[13]		4 |^		^| 
[12]		5 |								| 
[11]		5 |								| 
[10]		9 |								| 
[9]		6 |								| 
[8]		2 |								| 
[7]		4 |								| 
[6]		9 |								| 
[5]		3 |								| 7 11 16 13 17 15 11 8 
[4]		3 |								| 
[3]		7 |								| 
[2]		2 |								| 
[1]		5 |								| 


******** STEP 132 ********
[19]		6 |								| 
[18]		5 |								| 
[17]		4 |								| 
[16]		5 |								| 
[15]		14 |								| 
[14]		3 |								| 
[13]		4 |								| 
[12]		5 |								| 
[11]		5 |								| 
[10]		9 |								| 
[9]		6 |								| 
[8]		2 |								| 
[7]		4 |								| 
[6]		9 |								| 
[5]		3 |v	17 16 15 13 11 	v| 7 11 8 
[4]		3 |								| 
[3]		7 |								| 
[2]		2 |								| 
[1]		5 |								| 


******** STEP 133 ********
[19]		6 |								| 
[18]		5 |								| 
[17]		4 |								| 
[16]		5 |								| 
[15]		14 |								| 
[14]		3 |								| 
[13]		4 |								| 
[12]		5 |								| 
[11]		6 |^	17 16 15 13 	^| 
[10]		9 |								| 
[9]		6 |								| 
[8]		2 |								| 
[7]		4 |								| 
[6]		9 |								| 
[5]		3 |								| 7 11 8 
[4]		3 |								| 
[3]		7 |								| 
[2]		2 |								| 
[1]		5 |								| 


******** STEP 134 ********
[19]		6 |								| 
[18]		5 |								| 
[17]		4 |								| 
[16]		5 |								| 
[15]		14 |								| 
[14]		3 |								| 
[13]		5 |^	17 16 15 	^| 
[12]		5 |								| 
[11]		6 |								| 
[10]		9 |								| 
[9]		6 |								| 
[8]		2 |								| 
[7]		4 |								| 
[6]		9 |								| 
[5]		3 |								| 7 11 8 
[4]		3 |								| 
[3]		7 |								| 
[2]		2 |								| 
[1]		5 |								| 


******** STEP 135 ********
[19]		6 |								| 
[18]		5 |								| 
[17]		4 |								| 
[16]		5 |								| 
[15]		15 |^	17 16 	^| 
[14]		3 |								| 
[13]		5 |								| 
[12]		5 |								| 
[11]		6 |								| 
[10]		9 |								| 
[9]		6 |								| 
[8]		2 |								| 
[7]		4 |								| 
[6]		9 |								| 
[5]		3 |								| 7 11 8 
[4]		3 |								| 
[3]		7 |								| 
[2]		2 |								| 
[1]		5 |								| 


******** STEP 136 ********
[19]		6 |								| 
[18]		5 |								| 
[17]		4 |								| 
[16]		6 |^	17 	^| 
[15]		15 |								| 
[14]		3 |								| 
[13]		5 |								| 
[12]		5 |								| 
[11]		6 |								| 
[10]		9 |								| 
[9]		6 |								| 
[8]		2 |								| 
[7]		4 |								| 
[6]		9 |								| 
[5]		3 |								| 7 11 8 
[4]		3 |								| 
[3]		7 |								| 
[2]		2 |								| 
[1]		5 |								| 


******** STEP 137 ********
[19]		6 |								| 
[18]		5 |								| 
[17]		5 |^		^| 
[16]		6 |								| 
[15]		15 |								| 
[14]		3 |								| 
[13]		5 |								| 
[12]		5 |								| 
[11]		6 |								| 
[10]		9 |								| 
[9]		6 |								| 
[8]		2 |								| 
[7]		4 |								| 
[6]		9 |								| 
[5]		3 |								| 7 11 8 
[4]		3 |								| 
[3]		7 |								| 
[2]		2 |								| 
[1]		5 |								| 


******** STEP 138 ********
[19]		6 |								| 
[18]		5 |								| 
[17]		5 |								| 
[16]		6 |								| 
[15]		15 |								| 
[14]		3 |								| 
[13]		5 |								| 
[12]		5 |								| 
[11]		6 |								| 
[10]		9 |								| 
[9]		6 |								| 
[8]		2 |								| 
[7]		4 |								| 
[6]		9 |								| 
[5]		3 |v	11 8 7 	v| 
[4]		3 |								| 
[3]		7 |								| 
[2]		2 |								| 
[1]		5 |								| 


******** STEP 139 ********
[19]		6 |								| 
[18]		5 |								| 
[17]		5 |								| 
[16]		6 |								| 
[15]		15 |								| 
[14]		3 |								| 
[13]		5 |								| 
[12]		5 |								| 
[11]		6 |								| 
[10]		9 |								| 
[9]		6 |								| 
[8]		2 |								| 
[7]		5 |^	11 8 	^| 
[6]		9 |								| 
[5]		3 |								| 
[4]		3 |								| 
[3]		7 |								| 
[2]		2 |								| 
[1]		5 |								| 


******** STEP 140 ********
[19]		6 |								| 
[18]		5 |								| 
[17]		5 |								| 
[16]		6 |								| 
[15]		15 |								| 
[14]		3 |								| 
[13]		5 |								| 
[12]		5 |								| 
[11]		6 |								| 
[10]		9 |								| 
[9]		6 |								| 
[8]		3 |^	11 	^| 
[7]		5 |								| 
[6]		9 |								| 
[5]		3 |								| 
[4]		3 |								| 
[3]		7 |								| 
[2]		2 |								| 
[1]		5 |								| 


******** STEP 141 ********
[19]		6 |								| 
[18]		5 |								| 
[17]		5 |								| 
[16]		6 |								| 
[15]		15 |								| 
[14]		3 |								| 
[13]		5 |								| 
[12]		5 |								| 
[11]		7 |^		^| 
[10]		9 |								| 
[9]		6 |								| 
[8]		3 |								| 
[7]		5 |								| 
[6]		9 |								| 
[5]		3 |								| 
[4]		3 |								| 
[3]		7 |								| 
[2]		2 |								| 
[1]		5 |								| 


