Building: 18 floors. Lift capacity: 5
******** STEP 0 ********
[18]		0 |								| 10 
[17]		0 |								| 13 12 14 14 14 5 
[16]		0 |								| 10 7 18 10 8 7 13 9 11 
[15]		0 |								| 4 1 16 11 10 12 17 9 5 13 
[14]		0 |								| 7 13 18 15 18 1 1 9 15 
[13]		0 |								| 7 12 2 7 17 
[12]		0 |								| 15 16 14 11 8 14 18 14 9 
[11]		0 |								| 18 9 14 18 6 12 9 10 16 
[10]		0 |								| 17 14 16 6 5 5 4 14 15 
[9]		0 |								| 11 6 2 7 14 5 
[8]		0 |								| 16 3 14 11 17 1 6 15 14 
[7]		0 |								| 13 13 
[6]		0 |								| 3 17 8 4 
[5]		0 |								| 7 12 1 7 12 6 
[4]		0 |								| 16 1 
[3]		0 |								| 12 11 18 4 13 12 11 
[2]		0 |								| 12 4 1 6 
[1]		0 |v		v| 14 


******** STEP 1 ********
[18]		0 |								| 10 
[17]		0 |								| 13 12 14 14 14 5 
[16]		0 |								| 10 7 18 10 8 7 13 9 11 
[15]		0 |								| 4 1 16 11 10 12 17 9 5 13 
[14]		0 |								| 7 13 18 15 18 1 1 9 15 
[13]		0 |								| 7 12 2 7 17 
[12]		0 |								| 15 16 14 11 8 14 18 14 9 
[11]		0 |								| 18 9 14 18 6 12 9 10 16 
[10]		0 |								| 17 14 16 6 5 5 4 14 15 
[9]		0 |								| 11 6 2 7 14 5 
[8]		0 |								| 16 3 14 11 17 1 6 15 14 
[7]		0 |								| 13 13 
[6]		0 |								| 3 17 8 4 
[5]		0 |								| 7 12 1 7 12 6 
[4]		0 |								| 16 1 
[3]		0 |								| 12 11 18 4 13 12 11 
[2]		0 |								| 12 4 1 6 
[1]		0 |^	14 	^| 


******** STEP 2 ********
[18]		0 |								| 10 
[17]		0 |								| 13 12 14 14 14 5 
[16]		0 |								| 10 7 18 10 8 7 13 9 11 
[15]		0 |								| 4 1 16 11 10 12 17 9 5 13 
[14]		0 |								| 7 13 18 15 18 1 1 9 15 
[13]		0 |								| 7 12 2 7 17 
[12]		0 |								| 15 16 14 11 8 14 18 14 9 
[11]		0 |								| 18 9 14 18 6 12 9 10 16 
[10]		0 |								| 17 14 16 6 5 5 4 14 15 
[9]		0 |								| 11 6 2 7 14 5 
[8]		0 |								| 16 3 14 11 17 1 6 15 14 
[7]		0 |								| 13 13 
[6]		0 |								| 3 17 8 4 
[5]		0 |								| 7 12 1 7 12 6 
[4]		0 |								| 16 1 
[3]		0 |								| 12 11 18 4 13 12 11 
[2]		0 |^	14 12 6 4 	^| 1 
[1]		0 |								| 


******** STEP 3 ********
[18]		0 |								| 10 
[17]		0 |								| 13 12 14 14 14 5 
[16]		0 |								| 10 7 18 10 8 7 13 9 11 
[15]		0 |								| 4 1 16 11 10 12 17 9 5 13 
[14]		0 |								| 7 13 18 15 18 1 1 9 15 
[13]		0 |								| 7 12 2 7 17 
[12]		0 |								| 15 16 14 11 8 14 18 14 9 
[11]		0 |								| 18 9 14 18 6 12 9 10 16 
[10]		0 |								| 17 14 16 6 5 5 4 14 15 
[9]		0 |								| 11 6 2 7 14 5 
[8]		0 |								| 16 3 14 11 17 1 6 15 14 
[7]		0 |								| 13 13 
[6]		0 |								| 3 17 8 4 
[5]		0 |								| 7 12 1 7 12 6 
[4]		0 |								| 16 1 
[3]		0 |^	14 12 6 4 18 	^| 12 11 4 13 12 11 
[2]		0 |								| 1 
[1]		0 |								| 


******** STEP 4 ********
[18]		0 |								| 10 
[17]		0 |								| 13 12 14 14 14 5 
[16]		0 |								| 10 7 18 10 8 7 13 9 11 
[15]		0 |								| 4 1 16 11 10 12 17 9 5 13 
[14]		0 |								| 7 13 18 15 18 1 1 9 15 
[13]		0 |								| 7 12 2 7 17 
[12]		0 |								| 15 16 14 11 8 14 18 14 9 
[11]		0 |								| 18 9 14 18 6 12 9 10 16 
[10]		0 |								| 17 14 16 6 5 5 4 14 15 
[9]		0 |								| 11 6 2 7 14 5 
[8]		0 |								| 16 3 14 11 17 1 6 15 14 
[7]		0 |								| 13 13 
[6]		0 |								| 3 17 8 4 
[5]		0 |								| 7 12 1 7 12 6 
[4]		1 |^	14 12 6 18 	^| 16 1 
[3]		0 |								| 12 11 4 13 12 11 
[2]		0 |								| 1 
[1]		0 |								| 


******** STEP 5 ********
[18]		0 |								| 10 
[17]		0 |								| 13 12 14 14 14 5 
[16]		0 |								| 10 7 18 10 8 7 13 9 11 
[15]		0 |								| 4 1 16 11 10 12 17 9 5 13 
[14]		0 |								| 7 13 18 15 18 1 1 9 15 
[13]		0 |								| 7 12 2 7 17 
[12]		0 |								| 15 16 14 11 8 14 18 14 9 
[11]		0 |								| 18 9 14 18 6 12 9 10 16 
[10]		0 |								| 17 14 16 6 5 5 4 14 15 
[9]		0 |								| 11 6 2 7 14 5 
[8]		0 |								| 16 3 14 11 17 1 6 15 14 
[7]		0 |								| 13 13 
[6]		0 |								| 3 17 8 4 
[5]		0 |								| 7 12 1 7 12 6 
[4]		1 |^	14 12 6 18 16 	^| 1 
[3]		0 |								| 12 11 4 13 12 11 
[2]		0 |								| 1 
[1]		0 |								| 


******** STEP 6 ********
[18]		0 |								| 10 
[17]		0 |								| 13 12 14 14 14 5 
[16]		0 |								| 10 7 18 10 8 7 13 9 11 
[15]		0 |								| 4 1 16 11 10 12 17 9 5 13 
[14]		0 |								| 7 13 18 15 18 1 1 9 15 
[13]		0 |								| 7 12 2 7 17 
[12]		0 |								| 15 16 14 11 8 14 18 14 9 
[11]		0 |								| 18 9 14 18 6 12 9 10 16 
[10]		0 |								| 17 14 16 6 5 5 4 14 15 
[9]		0 |								| 11 6 2 7 14 5 
[8]		0 |								| 16 3 14 11 17 1 6 15 14 
[7]		0 |								| 13 13 
[6]		1 |^	14 12 18 16 	^| 3 17 8 4 
[5]		0 |								| 7 12 1 7 12 6 
[4]		1 |								| 1 
[3]		0 |								| 12 11 4 13 12 11 
[2]		0 |								| 1 
[1]		0 |								| 


******** STEP 7 ********
[18]		0 |								| 10 
[17]		0 |								| 13 12 14 14 14 5 
[16]		0 |								| 10 7 18 10 8 7 13 9 11 
[15]		0 |								| 4 1 16 11 10 12 17 9 5 13 
[14]		0 |								| 7 13 18 15 18 1 1 9 15 
[13]		0 |								| 7 12 2 7 17 
[12]		0 |								| 15 16 14 11 8 14 18 14 9 
[11]		0 |								| 18 9 14 18 6 12 9 10 16 
[10]		0 |								| 17 14 16 6 5 5 4 14 15 
[9]		0 |								| 11 6 2 7 14 5 
[8]		0 |								| 16 3 14 11 17 1 6 15 14 
[7]		0 |								| 13 13 
[6]		1 |^	14 12 18 16 17 	^| 3 8 4 
[5]		0 |								| 7 12 1 7 12 6 
[4]		1 |								| 1 
[3]		0 |								| 12 11 4 13 12 11 
[2]		0 |								| 1 
[1]		0 |								| 


******** STEP 8 ********
[18]		0 |								| 10 
[17]		0 |								| 13 12 14 14 14 5 
[16]		0 |								| 10 7 18 10 8 7 13 9 11 
[15]		0 |								| 4 1 16 11 10 12 17 9 5 13 
[14]		0 |								| 7 13 18 15 18 1 1 9 15 
[13]		0 |								| 7 12 2 7 17 
[12]		1 |^	14 18 16 17 	^| 15 16 14 11 8 14 18 14 9 
[11]		0 |								| 18 9 14 18 6 12 9 10 16 
[10]		0 |								| 17 14 16 6 5 5 4 14 15 
[9]		0 |								| 11 6 2 7 14 5 
[8]		0 |								| 16 3 14 11 17 1 6 15 14 
[7]		0 |								| 13 13 
[6]		1 |								| 3 8 4 
[5]		0 |								| 7 12 1 7 12 6 
[4]		1 |								| 1 
[3]		0 |								| 12 11 4 13 12 11 
[2]		0 |								| 1 
[1]		0 |								| 


******** STEP 9 ********
[18]		0 |								| 10 
[17]		0 |								| 13 12 14 14 14 5 
[16]		0 |								| 10 7 18 10 8 7 13 9 11 
[15]		0 |								| 4 1 16 11 10 12 17 9 5 13 
[14]		0 |								| 7 13 18 15 18 1 1 9 15 
[13]		0 |								| 7 12 2 7 17 
[12]		1 |^	14 18 16 17 18 	^| 15 16 14 11 8 14 14 9 
[11]		0 |								| 18 9 14 18 6 12 9 10 16 
[10]		0 |								| 17 14 16 6 5 5 4 14 15 
[9]		0 |								| 11 6 2 7 14 5 
[8]		0 |								| 16 3 14 11 17 1 6 15 14 
[7]		0 |								| 13 13 
[6]		1 |								| 3 8 4 
[5]		0 |								| 7 12 1 7 12 6 
[4]		1 |								| 1 
[3]		0 |								| 12 11 4 13 12 11 
[2]		0 |								| 1 
[1]		0 |								| 


******** STEP 10 ********
[18]		0 |								| 10 
[17]		0 |								| 13 12 14 14 14 5 
[16]		0 |								| 10 7 18 10 8 7 13 9 11 
[15]		0 |								| 4 1 16 11 10 12 17 9 5 13 
[14]		1 |^	18 16 17 18 	^| 7 13 18 15 18 1 1 9 15 
[13]		0 |								| 7 12 2 7 17 
[12]		1 |								| 15 16 14 11 8 14 14 9 
[11]		0 |								| 18 9 14 18 6 12 9 10 16 
[10]		0 |								| 17 14 16 6 5 5 4 14 15 
[9]		0 |								| 11 6 2 7 14 5 
[8]		0 |								| 16 3 14 11 17 1 6 15 14 
[7]		0 |								| 13 13 
[6]		1 |								| 3 8 4 
[5]		0 |								| 7 12 1 7 12 6 
[4]		1 |								| 1 
[3]		0 |								| 12 11 4 13 12 11 
[2]		0 |								| 1 
[1]		0 |								| 


******** STEP 11 ********
[18]		0 |								| 10 
[17]		0 |								| 13 12 14 14 14 5 
[16]		0 |								| 10 7 18 10 8 7 13 9 11 
[15]		0 |								| 4 1 16 11 10 12 17 9 5 13 
[14]		1 |^	18 16 17 18 18 	^| 7 13 15 18 1 1 9 15 
[13]		0 |								| 7 12 2 7 17 
[12]		1 |								| 15 16 14 11 8 14 14 9 
[11]		0 |								| 18 9 14 18 6 12 9 10 16 
[10]		0 |								| 17 14 16 6 5 5 4 14 15 
[9]		0 |								| 11 6 2 7 14 5 
[8]		0 |								| 16 3 14 11 17 1 6 15 14 
[7]		0 |								| 13 13 
[6]		1 |								| 3 8 4 
[5]		0 |								| 7 12 1 7 12 6 
[4]		1 |								| 1 
[3]		0 |								| 12 11 4 13 12 11 
[2]		0 |								| 1 
[1]		0 |								| 


******** STEP 12 ********
[18]		0 |								| 10 
[17]		0 |								| 13 12 14 14 14 5 
[16]		1 |^	18 17 18 18 	^| 10 7 18 10 8 7 13 9 11 
[15]		0 |								| 4 1 16 11 10 12 17 9 5 13 
[14]		1 |								| 7 13 15 18 1 1 9 15 
[13]		0 |								| 7 12 2 7 17 
[12]		1 |								| 15 16 14 11 8 14 14 9 
[11]		0 |								| 18 9 14 18 6 12 9 10 16 
[10]		0 |								| 17 14 16 6 5 5 4 14 15 
[9]		0 |								| 11 6 2 7 14 5 
[8]		0 |								| 16 3 14 11 17 1 6 15 14 
[7]		0 |								| 13 13 
[6]		1 |								| 3 8 4 
[5]		0 |								| 7 12 1 7 12 6 
[4]		1 |								| 1 
[3]		0 |								| 12 11 4 13 12 11 
[2]		0 |								| 1 
[1]		0 |								| 


******** STEP 13 ********
[18]		0 |								| 10 
[17]		0 |								| 13 12 14 14 14 5 
[16]		1 |^	18 17 18 18 18 	^| 10 7 10 8 7 13 9 11 
[15]		0 |								| 4 1 16 11 10 12 17 9 5 13 
[14]		1 |								| 7 13 15 18 1 1 9 15 
[13]		0 |								| 7 12 2 7 17 
[12]		1 |								| 15 16 14 11 8 14 14 9 
[11]		0 |								| 18 9 14 18 6 12 9 10 16 
[10]		0 |								| 17 14 16 6 5 5 4 14 15 
[9]		0 |								| 11 6 2 7 14 5 
[8]		0 |								| 16 3 14 11 17 1 6 15 14 
[7]		0 |								| 13 13 
[6]		1 |								| 3 8 4 
[5]		0 |								| 7 12 1 7 12 6 
[4]		1 |								| 1 
[3]		0 |								| 12 11 4 13 12 11 
[2]		0 |								| 1 
[1]		0 |								| 


******** STEP 14 ********
[18]		0 |								| 10 
[17]		1 |^	18 18 18 18 	^| 13 12 14 14 14 5 
[16]		1 |								| 10 7 10 8 7 13 9 11 
[15]		0 |								| 4 1 16 11 10 12 17 9 5 13 
[14]		1 |								| 7 13 15 18 1 1 9 15 
[13]		0 |								| 7 12 2 7 17 
[12]		1 |								| 15 16 14 11 8 14 14 9 
[11]		0 |								| 18 9 14 18 6 12 9 10 16 
[10]		0 |								| 17 14 16 6 5 5 4 14 15 
[9]		0 |								| 11 6 2 7 14 5 
[8]		0 |								| 16 3 14 11 17 1 6 15 14 
[7]		0 |								| 13 13 
[6]		1 |								| 3 8 4 
[5]		0 |								| 7 12 1 7 12 6 
[4]		1 |								| 1 
[3]		0 |								| 12 11 4 13 12 11 
[2]		0 |								| 1 
[1]		0 |								| 


******** STEP 15 ********
[18]		4 |^		^| 10 
[17]		1 |								| 13 12 14 14 14 5 
[16]		1 |								| 10 7 10 8 7 13 9 11 
[15]		0 |								| 4 1 16 11 10 12 17 9 5 13 
[14]		1 |								| 7 13 15 18 1 1 9 15 
[13]		0 |								| 7 12 2 7 17 
[12]		1 |								| 15 16 14 11 8 14 14 9 
[11]		0 |								| 18 9 14 18 6 12 9 10 16 
[10]		0 |								| 17 14 16 6 5 5 4 14 15 
[9]		0 |								| 11 6 2 7 14 5 
[8]		0 |								| 16 3 14 11 17 1 6 15 14 
[7]		0 |								| 13 13 
[6]		1 |								| 3 8 4 
[5]		0 |								| 7 12 1 7 12 6 
[4]		1 |								| 1 
[3]		0 |								| 12 11 4 13 12 11 
[2]		0 |								| 1 
[1]		0 |								| 


******** STEP 16 ********
[18]		4 |^	10 	^| 
[17]		1 |								| 13 12 14 14 14 5 
[16]		1 |								| 10 7 10 8 7 13 9 11 
[15]		0 |								| 4 1 16 11 10 12 17 9 5 13 
[14]		1 |								| 7 13 15 18 1 1 9 15 
[13]		0 |								| 7 12 2 7 17 
[12]		1 |								| 15 16 14 11 8 14 14 9 
[11]		0 |								| 18 9 14 18 6 12 9 10 16 
[10]		0 |								| 17 14 16 6 5 5 4 14 15 
[9]		0 |								| 11 6 2 7 14 5 
[8]		0 |								| 16 3 14 11 17 1 6 15 14 
[7]		0 |								| 13 13 
[6]		1 |								| 3 8 4 
[5]		0 |								| 7 12 1 7 12 6 
[4]		1 |								| 1 
[3]		0 |								| 12 11 4 13 12 11 
[2]		0 |								| 1 
[1]		0 |								| 


******** STEP 17 ********
[18]		4 |								| 
[17]		1 |v	10 5 12 13 14 	v| 14 14 
[16]		1 |								| 10 7 10 8 7 13 9 11 
[15]		0 |								| 4 1 16 11 10 12 17 9 5 13 
[14]		1 |								| 7 13 15 18 1 1 9 15 
[13]		0 |								| 7 12 2 7 17 
[12]		1 |								| 15 16 14 11 8 14 14 9 
[11]		0 |								| 18 9 14 18 6 12 9 10 16 
[10]		0 |								| 17 14 16 6 5 5 4 14 15 
[9]		0 |								| 11 6 2 7 14 5 
[8]		0 |								| 16 3 14 11 17 1 6 15 14 
[7]		0 |								| 13 13 
[6]		1 |								| 3 8 4 
[5]		0 |								| 7 12 1 7 12 6 
[4]		1 |								| 1 
[3]		0 |								| 12 11 4 13 12 11 
[2]		0 |								| 1 
[1]		0 |								| 


******** STEP 18 ********
[18]		4 |								| 
[17]		1 |								| 14 14 
[16]		1 |								| 10 7 10 8 7 13 9 11 
[15]		0 |								| 4 1 16 11 10 12 17 9 5 13 
[14]		2 |v	10 5 12 13 	v| 7 13 15 18 1 1 9 15 
[13]		0 |								| 7 12 2 7 17 
[12]		1 |								| 15 16 14 11 8 14 14 9 
[11]		0 |								| 18 9 14 18 6 12 9 10 16 
[10]		0 |								| 17 14 16 6 5 5 4 14 15 
[9]		0 |								| 11 6 2 7 14 5 
[8]		0 |								| 16 3 14 11 17 1 6 15 14 
[7]		0 |								| 13 13 
[6]		1 |								| 3 8 4 
[5]		0 |								| 7 12 1 7 12 6 
[4]		1 |								| 1 
[3]		0 |								| 12 11 4 13 12 11 
[2]		0 |								| 1 
[1]		0 |								| 


******** STEP 19 ********
[18]		4 |								| 
[17]		1 |								| 14 14 
[16]		1 |								| 10 7 10 8 7 13 9 11 
[15]		0 |								| 4 1 16 11 10 12 17 9 5 13 
[14]		2 |v	10 5 12 13 1 	v| 7 13 15 18 1 9 15 
[13]		0 |								| 7 12 2 7 17 
[12]		1 |								| 15 16 14 11 8 14 14 9 
[11]		0 |								| 18 9 14 18 6 12 9 10 16 
[10]		0 |								| 17 14 16 6 5 5 4 14 15 
[9]		0 |								| 11 6 2 7 14 5 
[8]		0 |								| 16 3 14 11 17 1 6 15 14 
[7]		0 |								| 13 13 
[6]		1 |								| 3 8 4 
[5]		0 |								| 7 12 1 7 12 6 
[4]		1 |								| 1 
[3]		0 |								| 12 11 4 13 12 11 
[2]		0 |								| 1 
[1]		0 |								| 


******** STEP 20 ********
[18]		4 |								| 
[17]		1 |								| 14 14 
[16]		1 |								| 10 7 10 8 7 13 9 11 
[15]		0 |								| 4 1 16 11 10 12 17 9 5 13 
[14]		2 |								| 7 13 15 18 1 9 15 
[13]		1 |v	10 5 12 1 	v| 7 12 2 7 17 
[12]		1 |								| 15 16 14 11 8 14 14 9 
[11]		0 |								| 18 9 14 18 6 12 9 10 16 
[10]		0 |								| 17 14 16 6 5 5 4 14 15 
[9]		0 |								| 11 6 2 7 14 5 
[8]		0 |								| 16 3 14 11 17 1 6 15 14 
[7]		0 |								| 13 13 
[6]		1 |								| 3 8 4 
[5]		0 |								| 7 12 1 7 12 6 
[4]		1 |								| 1 
[3]		0 |								| 12 11 4 13 12 11 
[2]		0 |								| 1 
[1]		0 |								| 


******** STEP 21 ********
[18]		4 |								| 
[17]		1 |								| 14 14 
[16]		1 |								| 10 7 10 8 7 13 9 11 
[15]		0 |								| 4 1 16 11 10 12 17 9 5 13 
[14]		2 |								| 7 13 15 18 1 9 15 
[13]		1 |v	10 5 12 1 2 	v| 7 12 7 17 
[12]		1 |								| 15 16 14 11 8 14 14 9 
[11]		0 |								| 18 9 14 18 6 12 9 10 16 
[10]		0 |								| 17 14 16 6 5 5 4 14 15 
[9]		0 |								| 11 6 2 7 14 5 
[8]		0 |								| 16 3 14 11 17 1 6 15 14 
[7]		0 |								| 13 13 
[6]		1 |								| 3 8 4 
[5]		0 |								| 7 12 1 7 12 6 
[4]		1 |								| 1 
[3]		0 |								| 12 11 4 13 12 11 
[2]		0 |								| 1 
[1]		0 |								| 


******** STEP 22 ********
[18]		4 |								| 
[17]		1 |								| 14 14 
[16]		1 |								| 10 7 10 8 7 13 9 11 
[15]		0 |								| 4 1 16 11 10 12 17 9 5 13 
[14]		2 |								| 7 13 15 18 1 9 15 
[13]		1 |								| 7 12 7 17 
[12]		2 |v	10 5 1 2 	v| 15 16 14 11 8 14 14 9 
[11]		0 |								| 18 9 14 18 6 12 9 10 16 
[10]		0 |								| 17 14 16 6 5 5 4 14 15 
[9]		0 |								| 11 6 2 7 14 5 
[8]		0 |								| 16 3 14 11 17 1 6 15 14 
[7]		0 |								| 13 13 
[6]		1 |								| 3 8 4 
[5]		0 |								| 7 12 1 7 12 6 
[4]		1 |								| 1 
[3]		0 |								| 12 11 4 13 12 11 
[2]		0 |								| 1 
[1]		0 |								| 


******** STEP 23 ********
[18]		4 |								| 
[17]		1 |								| 14 14 
[16]		1 |								| 10 7 10 8 7 13 9 11 
[15]		0 |								| 4 1 16 11 10 12 17 9 5 13 
[14]		2 |								| 7 13 15 18 1 9 15 
[13]		1 |								| 7 12 7 17 
[12]		2 |v	10 5 1 2 8 	v| 15 16 14 11 14 14 9 
[11]		0 |								| 18 9 14 18 6 12 9 10 16 
[10]		0 |								| 17 14 16 6 5 5 4 14 15 
[9]		0 |								| 11 6 2 7 14 5 
[8]		0 |								| 16 3 14 11 17 1 6 15 14 
[7]		0 |								| 13 13 
[6]		1 |								| 3 8 4 
[5]		0 |								| 7 12 1 7 12 6 
[4]		1 |								| 1 
[3]		0 |								| 12 11 4 13 12 11 
[2]		0 |								| 1 
[1]		0 |								| 


******** STEP 24 ********
[18]		4 |								| 
[17]		1 |								| 14 14 
[16]		1 |								| 10 7 10 8 7 13 9 11 
[15]		0 |								| 4 1 16 11 10 12 17 9 5 13 
[14]		2 |								| 7 13 15 18 1 9 15 
[13]		1 |								| 7 12 7 17 
[12]		2 |								| 15 16 14 11 14 14 9 
[11]		0 |								| 18 9 14 18 6 12 9 10 16 
[10]		1 |v	5 1 2 8 	v| 17 14 16 6 5 5 4 14 15 
[9]		0 |								| 11 6 2 7 14 5 
[8]		0 |								| 16 3 14 11 17 1 6 15 14 
[7]		0 |								| 13 13 
[6]		1 |								| 3 8 4 
[5]		0 |								| 7 12 1 7 12 6 
[4]		1 |								| 1 
[3]		0 |								| 12 11 4 13 12 11 
[2]		0 |								| 1 
[1]		0 |								| 


******** STEP 25 ********
[18]		4 |								| 
[17]		1 |								| 14 14 
[16]		1 |								| 10 7 10 8 7 13 9 11 
[15]		0 |								| 4 1 16 11 10 12 17 9 5 13 
[14]		2 |								| 7 13 15 18 1 9 15 
[13]		1 |								| 7 12 7 17 
[12]		2 |								| 15 16 14 11 14 14 9 
[11]		0 |								| 18 9 14 18 6 12 9 10 16 
[10]		1 |v	5 1 2 8 4 	v| 17 14 16 6 5 5 14 15 
[9]		0 |								| 11 6 2 7 14 5 
[8]		0 |								| 16 3 14 11 17 1 6 15 14 
[7]		0 |								| 13 13 
[6]		1 |								| 3 8 4 
[5]		0 |								| 7 12 1 7 12 6 
[4]		1 |								| 1 
[3]		0 |								| 12 11 4 13 12 11 
[2]		0 |								| 1 
[1]		0 |								| 


******** STEP 26 ********
[18]		4 |								| 
[17]		1 |								| 14 14 
[16]		1 |								| 10 7 10 8 7 13 9 11 
[15]		0 |								| 4 1 16 11 10 12 17 9 5 13 
[14]		2 |								| 7 13 15 18 1 9 15 
[13]		1 |								| 7 12 7 17 
[12]		2 |								| 15 16 14 11 14 14 9 
[11]		0 |								| 18 9 14 18 6 12 9 10 16 
[10]		1 |								| 17 14 16 6 5 5 14 15 
[9]		0 |								| 11 6 2 7 14 5 
[8]		1 |v	5 1 2 4 	v| 16 3 14 11 17 1 6 15 14 
[7]		0 |								| 13 13 
[6]		1 |								| 3 8 4 
[5]		0 |								| 7 12 1 7 12 6 
[4]		1 |								| 1 
[3]		0 |								| 12 11 4 13 12 11 
[2]		0 |								| 1 
[1]		0 |								| 


******** STEP 27 ********
[18]		4 |								| 
[17]		1 |								| 14 14 
[16]		1 |								| 10 7 10 8 7 13 9 11 
[15]		0 |								| 4 1 16 11 10 12 17 9 5 13 
[14]		2 |								| 7 13 15 18 1 9 15 
[13]		1 |								| 7 12 7 17 
[12]		2 |								| 15 16 14 11 14 14 9 
[11]		0 |								| 18 9 14 18 6 12 9 10 16 
[10]		1 |								| 17 14 16 6 5 5 14 15 
[9]		0 |								| 11 6 2 7 14 5 
[8]		1 |v	5 1 2 4 1 	v| 16 3 14 11 17 6 15 14 
[7]		0 |								| 13 13 
[6]		1 |								| 3 8 4 
[5]		0 |								| 7 12 1 7 12 6 
[4]		1 |								| 1 
[3]		0 |								| 12 11 4 13 12 11 
[2]		0 |								| 1 
[1]		0 |								| 


******** STEP 28 ********
[18]		4 |								| 
[17]		1 |								| 14 14 
[16]		1 |								| 10 7 10 8 7 13 9 11 
[15]		0 |								| 4 1 16 11 10 12 17 9 5 13 
[14]		2 |								| 7 13 15 18 1 9 15 
[13]		1 |								| 7 12 7 17 
[12]		2 |								| 15 16 14 11 14 14 9 
[11]		0 |								| 18 9 14 18 6 12 9 10 16 
[10]		1 |								| 17 14 16 6 5 5 14 15 
[9]		0 |								| 11 6 2 7 14 5 
[8]		1 |								| 16 3 14 11 17 6 15 14 
[7]		0 |								| 13 13 
[6]		1 |								| 3 8 4 
[5]		1 |v	1 2 4 1 	v| 7 12 1 7 12 6 
[4]		1 |								| 1 
[3]		0 |								| 12 11 4 13 12 11 
[2]		0 |								| 1 
[1]		0 |								| 


******** STEP 29 ********
[18]		4 |								| 
[17]		1 |								| 14 14 
[16]		1 |								| 10 7 10 8 7 13 9 11 
[15]		0 |								| 4 1 16 11 10 12 17 9 5 13 
[14]		2 |								| 7 13 15 18 1 9 15 
[13]		1 |								| 7 12 7 17 
[12]		2 |								| 15 16 14 11 14 14 9 
[11]		0 |								| 18 9 14 18 6 12 9 10 16 
[10]		1 |								| 17 14 16 6 5 5 14 15 
[9]		0 |								| 11 6 2 7 14 5 
[8]		1 |								| 16 3 14 11 17 6 15 14 
[7]		0 |								| 13 13 
[6]		1 |								| 3 8 4 
[5]		1 |v	1 2 4 1 1 	v| 7 12 7 12 6 
[4]		1 |								| 1 
[3]		0 |								| 12 11 4 13 12 11 
[2]		0 |								| 1 
[1]		0 |								| 


******** STEP 30 ********
[18]		4 |								| 
[17]		1 |								| 14 14 
[16]		1 |								| 10 7 10 8 7 13 9 11 
[15]		0 |								| 4 1 16 11 10 12 17 9 5 13 
[14]		2 |								| 7 13 15 18 1 9 15 
[13]		1 |								| 7 12 7 17 
[12]		2 |								| 15 16 14 11 14 14 9 
[11]		0 |								| 18 9 14 18 6 12 9 10 16 
[10]		1 |								| 17 14 16 6 5 5 14 15 
[9]		0 |								| 11 6 2 7 14 5 
[8]		1 |								| 16 3 14 11 17 6 15 14 
[7]		0 |								| 13 13 
[6]		1 |								| 3 8 4 
[5]		1 |								| 7 12 7 12 6 
[4]		2 |v	1 2 1 1 	v| 1 
[3]		0 |								| 12 11 4 13 12 11 
[2]		0 |								| 1 
[1]		0 |								| 


******** STEP 31 ********
[18]		4 |								| 
[17]		1 |								| 14 14 
[16]		1 |								| 10 7 10 8 7 13 9 11 
[15]		0 |								| 4 1 16 11 10 12 17 9 5 13 
[14]		2 |								| 7 13 15 18 1 9 15 
[13]		1 |								| 7 12 7 17 
[12]		2 |								| 15 16 14 11 14 14 9 
[11]		0 |								| 18 9 14 18 6 12 9 10 16 
[10]		1 |								| 17 14 16 6 5 5 14 15 
[9]		0 |								| 11 6 2 7 14 5 
[8]		1 |								| 16 3 14 11 17 6 15 14 
[7]		0 |								| 13 13 
[6]		1 |								| 3 8 4 
[5]		1 |								| 7 12 7 12 6 
[4]		2 |v	1 2 1 1 1 	v| 
[3]		0 |								| 12 11 4 13 12 11 
[2]		0 |								| 1 
[1]		0 |								| 


******** STEP 32 ********
[18]		4 |								| 
[17]		1 |								| 14 14 
[16]		1 |								| 10 7 10 8 7 13 9 11 
[15]		0 |								| 4 1 16 11 10 12 17 9 5 13 
[14]		2 |								| 7 13 15 18 1 9 15 
[13]		1 |								| 7 12 7 17 
[12]		2 |								| 15 16 14 11 14 14 9 
[11]		0 |								| 18 9 14 18 6 12 9 10 16 
[10]		1 |								| 17 14 16 6 5 5 14 15 
[9]		0 |								| 11 6 2 7 14 5 
[8]		1 |								| 16 3 14 11 17 6 15 14 
[7]		0 |								| 13 13 
[6]		1 |								| 3 8 4 
[5]		1 |								| 7 12 7 12 6 
[4]		2 |								| 
[3]		0 |								| 12 11 4 13 12 11 
[2]		1 |v	1 1 1 1 	v| 1 
[1]		0 |								| 


******** STEP 33 ********
[18]		4 |								| 
[17]		1 |								| 14 14 
[16]		1 |								| 10 7 10 8 7 13 9 11 
[15]		0 |								| 4 1 16 11 10 12 17 9 5 13 
[14]		2 |								| 7 13 15 18 1 9 15 
[13]		1 |								| 7 12 7 17 
[12]		2 |								| 15 16 14 11 14 14 9 
[11]		0 |								| 18 9 14 18 6 12 9 10 16 
[10]		1 |								| 17 14 16 6 5 5 14 15 
[9]		0 |								| 11 6 2 7 14 5 
[8]		1 |								| 16 3 14 11 17 6 15 14 
[7]		0 |								| 13 13 
[6]		1 |								| 3 8 4 
[5]		1 |								| 7 12 7 12 6 
[4]		2 |								| 
[3]		0 |								| 12 11 4 13 12 11 
[2]		1 |v	1 1 1 1 1 	v| 
[1]		0 |								| 


******** STEP 34 ********
[18]		4 |								| 
[17]		1 |								| 14 14 
[16]		1 |								| 10 7 10 8 7 13 9 11 
[15]		0 |								| 4 1 16 11 10 12 17 9 5 13 
[14]		2 |								| 7 13 15 18 1 9 15 
[13]		1 |								| 7 12 7 17 
[12]		2 |								| 15 16 14 11 14 14 9 
[11]		0 |								| 18 9 14 18 6 12 9 10 16 
[10]		1 |								| 17 14 16 6 5 5 14 15 
[9]		0 |								| 11 6 2 7 14 5 
[8]		1 |								| 16 3 14 11 17 6 15 14 
[7]		0 |								| 13 13 
[6]		1 |								| 3 8 4 
[5]		1 |								| 7 12 7 12 6 
[4]		2 |								| 
[3]		0 |								| 12 11 4 13 12 11 
[2]		1 |								| 
[1]		5 |v		v| 


******** STEP 35 ********
[18]		4 |								| 
[17]		1 |								| 14 14 
[16]		1 |								| 10 7 10 8 7 13 9 11 
[15]		0 |								| 4 1 16 11 10 12 17 9 5 13 
[14]		2 |								| 7 13 15 18 1 9 15 
[13]		1 |								| 7 12 7 17 
[12]		2 |								| 15 16 14 11 14 14 9 
[11]		0 |								| 18 9 14 18 6 12 9 10 16 
[10]		1 |								| 17 14 16 6 5 5 14 15 
[9]		0 |								| 11 6 2 7 14 5 
[8]		1 |								| 16 3 14 11 17 6 15 14 
[7]		0 |								| 13 13 
[6]		1 |								| 3 8 4 
[5]		1 |								| 7 12 7 12 6 
[4]		2 |								| 
[3]		0 |^	13 12 12 11 11 	^| 4 
[2]		1 |								| 
[1]		5 |								| 


******** STEP 36 ********
[18]		4 |								| 
[17]		1 |								| 14 14 
[16]		1 |								| 10 7 10 8 7 13 9 11 
[15]		0 |								| 4 1 16 11 10 12 17 9 5 13 
[14]		2 |								| 7 13 15 18 1 9 15 
[13]		1 |								| 7 12 7 17 
[12]		2 |								| 15 16 14 11 14 14 9 
[11]		2 |^	13 12 12 	^| 18 9 14 18 6 12 9 10 16 
[10]		1 |								| 17 14 16 6 5 5 14 15 
[9]		0 |								| 11 6 2 7 14 5 
[8]		1 |								| 16 3 14 11 17 6 15 14 
[7]		0 |								| 13 13 
[6]		1 |								| 3 8 4 
[5]		1 |								| 7 12 7 12 6 
[4]		2 |								| 
[3]		0 |								| 4 
[2]		1 |								| 
[1]		5 |								| 


******** STEP 37 ********
[18]		4 |								| 
[17]		1 |								| 14 14 
[16]		1 |								| 10 7 10 8 7 13 9 11 
[15]		0 |								| 4 1 16 11 10 12 17 9 5 13 
[14]		2 |								| 7 13 15 18 1 9 15 
[13]		1 |								| 7 12 7 17 
[12]		2 |								| 15 16 14 11 14 14 9 
[11]		2 |^	13 12 12 18 18 	^| 9 14 6 12 9 10 16 
[10]		1 |								| 17 14 16 6 5 5 14 15 
[9]		0 |								| 11 6 2 7 14 5 
[8]		1 |								| 16 3 14 11 17 6 15 14 
[7]		0 |								| 13 13 
[6]		1 |								| 3 8 4 
[5]		1 |								| 7 12 7 12 6 
[4]		2 |								| 
[3]		0 |								| 4 
[2]		1 |								| 
[1]		5 |								| 


******** STEP 38 ********
[18]		4 |								| 
[17]		1 |								| 14 14 
[16]		1 |								| 10 7 10 8 7 13 9 11 
[15]		0 |								| 4 1 16 11 10 12 17 9 5 13 
[14]		2 |								| 7 13 15 18 1 9 15 
[13]		1 |								| 7 12 7 17 
[12]		4 |^	13 18 18 	^| 15 16 14 11 14 14 9 
[11]		2 |								| 9 14 6 12 9 10 16 
[10]		1 |								| 17 14 16 6 5 5 14 15 
[9]		0 |								| 11 6 2 7 14 5 
[8]		1 |								| 16 3 14 11 17 6 15 14 
[7]		0 |								| 13 13 
[6]		1 |								| 3 8 4 
[5]		1 |								| 7 12 7 12 6 
[4]		2 |								| 
[3]		0 |								| 4 
[2]		1 |								| 
[1]		5 |								| 


******** STEP 39 ********
[18]		4 |								| 
[17]		1 |								| 14 14 
[16]		1 |								| 10 7 10 8 7 13 9 11 
[15]		0 |								| 4 1 16 11 10 12 17 9 5 13 
[14]		2 |								| 7 13 15 18 1 9 15 
[13]		1 |								| 7 12 7 17 
[12]		4 |^	13 18 18 16 15 	^| 14 11 14 14 9 
[11]		2 |								| 9 14 6 12 9 10 16 
[10]		1 |								| 17 14 16 6 5 5 14 15 
[9]		0 |								| 11 6 2 7 14 5 
[8]		1 |								| 16 3 14 11 17 6 15 14 
[7]		0 |								| 13 13 
[6]		1 |								| 3 8 4 
[5]		1 |								| 7 12 7 12 6 
[4]		2 |								| 
[3]		0 |								| 4 
[2]		1 |								| 
[1]		5 |								| 


******** STEP 40 ********
[18]		4 |								| 
[17]		1 |								| 14 14 
[16]		1 |								| 10 7 10 8 7 13 9 11 
[15]		0 |								| 4 1 16 11 10 12 17 9 5 13 
[14]		2 |								| 7 13 15 18 1 9 15 
[13]		2 |^	18 18 16 15 	^| 7 12 7 17 
[12]		4 |								| 14 11 14 14 9 
[11]		2 |								| 9 14 6 12 9 10 16 
[10]		1 |								| 17 14 16 6 5 5 14 15 
[9]		0 |								| 11 6 2 7 14 5 
[8]		1 |								| 16 3 14 11 17 6 15 14 
[7]		0 |								| 13 13 
[6]		1 |								| 3 8 4 
[5]		1 |								| 7 12 7 12 6 
[4]		2 |								| 
[3]		0 |								| 4 
[2]		1 |								| 
[1]		5 |								| 


******** STEP 41 ********
[18]		4 |								| 
[17]		1 |								| 14 14 
[16]		1 |								| 10 7 10 8 7 13 9 11 
[15]		0 |								| 4 1 16 11 10 12 17 9 5 13 
[14]		2 |								| 7 13 15 18 1 9 15 
[13]		2 |^	18 18 16 15 17 	^| 7 12 7 
[12]		4 |								| 14 11 14 14 9 
[11]		2 |								| 9 14 6 12 9 10 16 
[10]		1 |								| 17 14 16 6 5 5 14 15 
[9]		0 |								| 11 6 2 7 14 5 
[8]		1 |								| 16 3 14 11 17 6 15 14 
[7]		0 |								| 13 13 
[6]		1 |								| 3 8 4 
[5]		1 |								| 7 12 7 12 6 
[4]		2 |								| 
[3]		0 |								| 4 
[2]		1 |								| 
[1]		5 |								| 


******** STEP 42 ********
[18]		4 |								| 
[17]		1 |								| 14 14 
[16]		1 |								| 10 7 10 8 7 13 9 11 
[15]		1 |^	18 18 16 17 	^| 4 1 16 11 10 12 17 9 5 13 
[14]		2 |								| 7 13 15 18 1 9 15 
[13]		2 |								| 7 12 7 
[12]		4 |								| 14 11 14 14 9 
[11]		2 |								| 9 14 6 12 9 10 16 
[10]		1 |								| 17 14 16 6 5 5 14 15 
[9]		0 |								| 11 6 2 7 14 5 
[8]		1 |								| 16 3 14 11 17 6 15 14 
[7]		0 |								| 13 13 
[6]		1 |								| 3 8 4 
[5]		1 |								| 7 12 7 12 6 
[4]		2 |								| 
[3]		0 |								| 4 
[2]		1 |								| 
[1]		5 |								| 


******** STEP 43 ********
[18]		4 |								| 
[17]		1 |								| 14 14 
[16]		1 |								| 10 7 10 8 7 13 9 11 
[15]		1 |^	18 18 16 17 17 	^| 4 1 16 11 10 12 9 5 13 
[14]		2 |								| 7 13 15 18 1 9 15 
[13]		2 |								| 7 12 7 
[12]		4 |								| 14 11 14 14 9 
[11]		2 |								| 9 14 6 12 9 10 16 
[10]		1 |								| 17 14 16 6 5 5 14 15 
[9]		0 |								| 11 6 2 7 14 5 
[8]		1 |								| 16 3 14 11 17 6 15 14 
[7]		0 |								| 13 13 
[6]		1 |								| 3 8 4 
[5]		1 |								| 7 12 7 12 6 
[4]		2 |								| 
[3]		0 |								| 4 
[2]		1 |								| 
[1]		5 |								| 


******** STEP 44 ********
[18]		4 |								| 
[17]		1 |								| 14 14 
[16]		2 |^	18 18 17 17 	^| 10 7 10 8 7 13 9 11 
[15]		1 |								| 4 1 16 11 10 12 9 5 13 
[14]		2 |								| 7 13 15 18 1 9 15 
[13]		2 |								| 7 12 7 
[12]		4 |								| 14 11 14 14 9 
[11]		2 |								| 9 14 6 12 9 10 16 
[10]		1 |								| 17 14 16 6 5 5 14 15 
[9]		0 |								| 11 6 2 7 14 5 
[8]		1 |								| 16 3 14 11 17 6 15 14 
[7]		0 |								| 13 13 
[6]		1 |								| 3 8 4 
[5]		1 |								| 7 12 7 12 6 
[4]		2 |								| 
[3]		0 |								| 4 
[2]		1 |								| 
[1]		5 |								| 


******** STEP 45 ********
[18]		4 |								| 
[17]		3 |^	18 18 	^| 14 14 
[16]		2 |								| 10 7 10 8 7 13 9 11 
[15]		1 |								| 4 1 16 11 10 12 9 5 13 
[14]		2 |								| 7 13 15 18 1 9 15 
[13]		2 |								| 7 12 7 
[12]		4 |								| 14 11 14 14 9 
[11]		2 |								| 9 14 6 12 9 10 16 
[10]		1 |								| 17 14 16 6 5 5 14 15 
[9]		0 |								| 11 6 2 7 14 5 
[8]		1 |								| 16 3 14 11 17 6 15 14 
[7]		0 |								| 13 13 
[6]		1 |								| 3 8 4 
[5]		1 |								| 7 12 7 12 6 
[4]		2 |								| 
[3]		0 |								| 4 
[2]		1 |								| 
[1]		5 |								| 


******** STEP 46 ********
[18]		6 |^		^| 
[17]		3 |								| 14 14 
[16]		2 |								| 10 7 10 8 7 13 9 11 
[15]		1 |								| 4 1 16 11 10 12 9 5 13 
[14]		2 |								| 7 13 15 18 1 9 15 
[13]		2 |								| 7 12 7 
[12]		4 |								| 14 11 14 14 9 
[11]		2 |								| 9 14 6 12 9 10 16 
[10]		1 |								| 17 14 16 6 5 5 14 15 
[9]		0 |								| 11 6 2 7 14 5 
[8]		1 |								| 16 3 14 11 17 6 15 14 
[7]		0 |								| 13 13 
[6]		1 |								| 3 8 4 
[5]		1 |								| 7 12 7 12 6 
[4]		2 |								| 
[3]		0 |								| 4 
[2]		1 |								| 
[1]		5 |								| 


******** STEP 47 ********
[18]		6 |								| 
[17]		3 |v	14 14 	v| 
[16]		2 |								| 10 7 10 8 7 13 9 11 
[15]		1 |								| 4 1 16 11 10 12 9 5 13 
[14]		2 |								| 7 13 15 18 1 9 15 
[13]		2 |								| 7 12 7 
[12]		4 |								| 14 11 14 14 9 
[11]		2 |								| 9 14 6 12 9 10 16 
[10]		1 |								| 17 14 16 6 5 5 14 15 
[9]		0 |								| 11 6 2 7 14 5 
[8]		1 |								| 16 3 14 11 17 6 15 14 
[7]		0 |								| 13 13 
[6]		1 |								| 3 8 4 
[5]		1 |								| 7 12 7 12 6 
[4]		2 |								| 
[3]		0 |								| 4 
[2]		1 |								| 
[1]		5 |								| 


******** STEP 48 ********
[18]		6 |								| 
[17]		3 |								| 
[16]		2 |v	14 14 7 7 8 	v| 10 10 13 9 11 
[15]		1 |								| 4 1 16 11 10 12 9 5 13 
[14]		2 |								| 7 13 15 18 1 9 15 
[13]		2 |								| 7 12 7 
[12]		4 |								| 14 11 14 14 9 
[11]		2 |								| 9 14 6 12 9 10 16 
[10]		1 |								| 17 14 16 6 5 5 14 15 
[9]		0 |								| 11 6 2 7 14 5 
[8]		1 |								| 16 3 14 11 17 6 15 14 
[7]		0 |								| 13 13 
[6]		1 |								| 3 8 4 
[5]		1 |								| 7 12 7 12 6 
[4]		2 |								| 
[3]		0 |								| 4 
[2]		1 |								| 
[1]		5 |								| 


******** STEP 49 ********
[18]		6 |								| 
[17]		3 |								| 
[16]		2 |								| 10 10 13 9 11 
[15]		1 |								| 4 1 16 11 10 12 9 5 13 
[14]		4 |v	7 7 8 	v| 7 13 15 18 1 9 15 
[13]		2 |								| 7 12 7 
[12]		4 |								| 14 11 14 14 9 
[11]		2 |								| 9 14 6 12 9 10 16 
[10]		1 |								| 17 14 16 6 5 5 14 15 
[9]		0 |								| 11 6 2 7 14 5 
[8]		1 |								| 16 3 14 11 17 6 15 14 
[7]		0 |								| 13 13 
[6]		1 |								| 3 8 4 
[5]		1 |								| 7 12 7 12 6 
[4]		2 |								| 
[3]		0 |								| 4 
[2]		1 |								| 
[1]		5 |								| 


******** STEP 50 ********
[18]		6 |								| 
[17]		3 |								| 
[16]		2 |								| 10 10 13 9 11 
[15]		1 |								| 4 1 16 11 10 12 9 5 13 
[14]		4 |v	7 7 8 1 7 	v| 13 15 18 9 15 
[13]		2 |								| 7 12 7 
[12]		4 |								| 14 11 14 14 9 
[11]		2 |								| 9 14 6 12 9 10 16 
[10]		1 |								| 17 14 16 6 5 5 14 15 
[9]		0 |								| 11 6 2 7 14 5 
[8]		1 |								| 16 3 14 11 17 6 15 14 
[7]		0 |								| 13 13 
[6]		1 |								| 3 8 4 
[5]		1 |								| 7 12 7 12 6 
[4]		2 |								| 
[3]		0 |								| 4 
[2]		1 |								| 
[1]		5 |								| 


******** STEP 51 ********
[18]		6 |								| 
[17]		3 |								| 
[16]		2 |								| 10 10 13 9 11 
[15]		1 |								| 4 1 16 11 10 12 9 5 13 
[14]		4 |								| 13 15 18 9 15 
[13]		2 |								| 7 12 7 
[12]		4 |								| 14 11 14 14 9 
[11]		2 |								| 9 14 6 12 9 10 16 
[10]		1 |								| 17 14 16 6 5 5 14 15 
[9]		0 |								| 11 6 2 7 14 5 
[8]		2 |v	7 7 1 7 	v| 16 3 14 11 17 6 15 14 
[7]		0 |								| 13 13 
[6]		1 |								| 3 8 4 
[5]		1 |								| 7 12 7 12 6 
[4]		2 |								| 
[3]		0 |								| 4 
[2]		1 |								| 
[1]		5 |								| 


******** STEP 52 ********
[18]		6 |								| 
[17]		3 |								| 
[16]		2 |								| 10 10 13 9 11 
[15]		1 |								| 4 1 16 11 10 12 9 5 13 
[14]		4 |								| 13 15 18 9 15 
[13]		2 |								| 7 12 7 
[12]		4 |								| 14 11 14 14 9 
[11]		2 |								| 9 14 6 12 9 10 16 
[10]		1 |								| 17 14 16 6 5 5 14 15 
[9]		0 |								| 11 6 2 7 14 5 
[8]		2 |v	7 7 1 7 3 	v| 16 14 11 17 6 15 14 
[7]		0 |								| 13 13 
[6]		1 |								| 3 8 4 
[5]		1 |								| 7 12 7 12 6 
[4]		2 |								| 
[3]		0 |								| 4 
[2]		1 |								| 
[1]		5 |								| 


******** STEP 53 ********
[18]		6 |								| 
[17]		3 |								| 
[16]		2 |								| 10 10 13 9 11 
[15]		1 |								| 4 1 16 11 10 12 9 5 13 
[14]		4 |								| 13 15 18 9 15 
[13]		2 |								| 7 12 7 
[12]		4 |								| 14 11 14 14 9 
[11]		2 |								| 9 14 6 12 9 10 16 
[10]		1 |								| 17 14 16 6 5 5 14 15 
[9]		0 |								| 11 6 2 7 14 5 
[8]		2 |								| 16 14 11 17 6 15 14 
[7]		3 |v	1 3 	v| 13 13 
[6]		1 |								| 3 8 4 
[5]		1 |								| 7 12 7 12 6 
[4]		2 |								| 
[3]		0 |								| 4 
[2]		1 |								| 
[1]		5 |								| 


******** STEP 54 ********
[18]		6 |								| 
[17]		3 |								| 
[16]		2 |								| 10 10 13 9 11 
[15]		1 |								| 4 1 16 11 10 12 9 5 13 
[14]		4 |								| 13 15 18 9 15 
[13]		2 |								| 7 12 7 
[12]		4 |								| 14 11 14 14 9 
[11]		2 |								| 9 14 6 12 9 10 16 
[10]		1 |								| 17 14 16 6 5 5 14 15 
[9]		0 |								| 11 6 2 7 14 5 
[8]		2 |								| 16 14 11 17 6 15 14 
[7]		3 |								| 13 13 
[6]		1 |v	1 3 3 4 	v| 8 
[5]		1 |								| 7 12 7 12 6 
[4]		2 |								| 
[3]		0 |								| 4 
[2]		1 |								| 
[1]		5 |								| 


******** STEP 55 ********
[18]		6 |								| 
[17]		3 |								| 
[16]		2 |								| 10 10 13 9 11 
[15]		1 |								| 4 1 16 11 10 12 9 5 13 
[14]		4 |								| 13 15 18 9 15 
[13]		2 |								| 7 12 7 
[12]		4 |								| 14 11 14 14 9 
[11]		2 |								| 9 14 6 12 9 10 16 
[10]		1 |								| 17 14 16 6 5 5 14 15 
[9]		0 |								| 11 6 2 7 14 5 
[8]		2 |								| 16 14 11 17 6 15 14 
[7]		3 |								| 13 13 
[6]		1 |								| 8 
[5]		1 |								| 7 12 7 12 6 
[4]		3 |v	1 3 3 	v| 
[3]		0 |								| 4 
[2]		1 |								| 
[1]		5 |								| 


******** STEP 56 ********
[18]		6 |								| 
[17]		3 |								| 
[16]		2 |								| 10 10 13 9 11 
[15]		1 |								| 4 1 16 11 10 12 9 5 13 
[14]		4 |								| 13 15 18 9 15 
[13]		2 |								| 7 12 7 
[12]		4 |								| 14 11 14 14 9 
[11]		2 |								| 9 14 6 12 9 10 16 
[10]		1 |								| 17 14 16 6 5 5 14 15 
[9]		0 |								| 11 6 2 7 14 5 
[8]		2 |								| 16 14 11 17 6 15 14 
[7]		3 |								| 13 13 
[6]		1 |								| 8 
[5]		1 |								| 7 12 7 12 6 
[4]		3 |								| 
[3]		2 |v	1 	v| 4 
[2]		1 |								| 
[1]		5 |								| 


******** STEP 57 ********
[18]		6 |								| 
[17]		3 |								| 
[16]		2 |								| 10 10 13 9 11 
[15]		1 |								| 4 1 16 11 10 12 9 5 13 
[14]		4 |								| 13 15 18 9 15 
[13]		2 |								| 7 12 7 
[12]		4 |								| 14 11 14 14 9 
[11]		2 |								| 9 14 6 12 9 10 16 
[10]		1 |								| 17 14 16 6 5 5 14 15 
[9]		0 |								| 11 6 2 7 14 5 
[8]		2 |								| 16 14 11 17 6 15 14 
[7]		3 |								| 13 13 
[6]		1 |								| 8 
[5]		1 |								| 7 12 7 12 6 
[4]		3 |								| 
[3]		2 |								| 4 
[2]		1 |								| 
[1]		6 |v		v| 


******** STEP 58 ********
[18]		6 |								| 
[17]		3 |								| 
[16]		2 |								| 10 10 13 9 11 
[15]		1 |								| 4 1 16 11 10 12 9 5 13 
[14]		4 |								| 13 15 18 9 15 
[13]		2 |								| 7 12 7 
[12]		4 |								| 14 11 14 14 9 
[11]		2 |								| 9 14 6 12 9 10 16 
[10]		1 |								| 17 14 16 6 5 5 14 15 
[9]		0 |								| 11 6 2 7 14 5 
[8]		2 |								| 16 14 11 17 6 15 14 
[7]		3 |								| 13 13 
[6]		1 |								| 8 
[5]		1 |								| 7 12 7 12 6 
[4]		3 |								| 
[3]		2 |^	4 	^| 
[2]		1 |								| 
[1]		6 |								| 


******** STEP 59 ********
[18]		6 |								| 
[17]		3 |								| 
[16]		2 |								| 10 10 13 9 11 
[15]		1 |								| 4 1 16 11 10 12 9 5 13 
[14]		4 |								| 13 15 18 9 15 
[13]		2 |								| 7 12 7 
[12]		4 |								| 14 11 14 14 9 
[11]		2 |								| 9 14 6 12 9 10 16 
[10]		1 |								| 17 14 16 6 5 5 14 15 
[9]		0 |								| 11 6 2 7 14 5 
[8]		2 |								| 16 14 11 17 6 15 14 
[7]		3 |								| 13 13 
[6]		1 |								| 8 
[5]		1 |								| 7 12 7 12 6 
[4]		4 |^		^| 
[3]		2 |								| 
[2]		1 |								| 
[1]		6 |								| 


******** STEP 60 ********
[18]		6 |								| 
[17]		3 |								| 
[16]		2 |								| 10 10 13 9 11 
[15]		1 |								| 4 1 16 11 10 12 9 5 13 
[14]		4 |								| 13 15 18 9 15 
[13]		2 |								| 7 12 7 
[12]		4 |								| 14 11 14 14 9 
[11]		2 |								| 9 14 6 12 9 10 16 
[10]		1 |								| 17 14 16 6 5 5 14 15 
[9]		0 |								| 11 6 2 7 14 5 
[8]		2 |								| 16 14 11 17 6 15 14 
[7]		3 |								| 13 13 
[6]		1 |								| 8 
[5]		1 |^	12 12 7 7 6 	^| 
[4]		4 |								| 
[3]		2 |								| 
[2]		1 |								| 
[1]		6 |								| 


******** STEP 61 ********
[18]		6 |								| 
[17]		3 |								| 
[16]		2 |								| 10 10 13 9 11 
[15]		1 |								| 4 1 16 11 10 12 9 5 13 
[14]		4 |								| 13 15 18 9 15 
[13]		2 |								| 7 12 7 
[12]		4 |								| 14 11 14 14 9 
[11]		2 |								| 9 14 6 12 9 10 16 
[10]		1 |								| 17 14 16 6 5 5 14 15 
[9]		0 |								| 11 6 2 7 14 5 
[8]		2 |								| 16 14 11 17 6 15 14 
[7]		3 |								| 13 13 
[6]		2 |^	12 12 7 7 	^| 8 
[5]		1 |								| 
[4]		4 |								| 
[3]		2 |								| 
[2]		1 |								| 
[1]		6 |								| 


******** STEP 62 ********
[18]		6 |								| 
[17]		3 |								| 
[16]		2 |								| 10 10 13 9 11 
[15]		1 |								| 4 1 16 11 10 12 9 5 13 
[14]		4 |								| 13 15 18 9 15 
[13]		2 |								| 7 12 7 
[12]		4 |								| 14 11 14 14 9 
[11]		2 |								| 9 14 6 12 9 10 16 
[10]		1 |								| 17 14 16 6 5 5 14 15 
[9]		0 |								| 11 6 2 7 14 5 
[8]		2 |								| 16 14 11 17 6 15 14 
[7]		3 |								| 13 13 
[6]		2 |^	12 12 7 7 8 	^| 
[5]		1 |								| 
[4]		4 |								| 
[3]		2 |								| 
[2]		1 |								| 
[1]		6 |								| 


******** STEP 63 ********
[18]		6 |								| 
[17]		3 |								| 
[16]		2 |								| 10 10 13 9 11 
[15]		1 |								| 4 1 16 11 10 12 9 5 13 
[14]		4 |								| 13 15 18 9 15 
[13]		2 |								| 7 12 7 
[12]		4 |								| 14 11 14 14 9 
[11]		2 |								| 9 14 6 12 9 10 16 
[10]		1 |								| 17 14 16 6 5 5 14 15 
[9]		0 |								| 11 6 2 7 14 5 
[8]		2 |								| 16 14 11 17 6 15 14 
[7]		5 |^	12 12 8 	^| 13 13 
[6]		2 |								| 
[5]		1 |								| 
[4]		4 |								| 
[3]		2 |								| 
[2]		1 |								| 
[1]		6 |								| 


******** STEP 64 ********
[18]		6 |								| 
[17]		3 |								| 
[16]		2 |								| 10 10 13 9 11 
[15]		1 |								| 4 1 16 11 10 12 9 5 13 
[14]		4 |								| 13 15 18 9 15 
[13]		2 |								| 7 12 7 
[12]		4 |								| 14 11 14 14 9 
[11]		2 |								| 9 14 6 12 9 10 16 
[10]		1 |								| 17 14 16 6 5 5 14 15 
[9]		0 |								| 11 6 2 7 14 5 
[8]		2 |								| 16 14 11 17 6 15 14 
[7]		5 |^	12 12 8 13 13 	^| 
[6]		2 |								| 
[5]		1 |								| 
[4]		4 |								| 
[3]		2 |								| 
[2]		1 |								| 
[1]		6 |								| 


******** STEP 65 ********
[18]		6 |								| 
[17]		3 |								| 
[16]		2 |								| 10 10 13 9 11 
[15]		1 |								| 4 1 16 11 10 12 9 5 13 
[14]		4 |								| 13 15 18 9 15 
[13]		2 |								| 7 12 7 
[12]		4 |								| 14 11 14 14 9 
[11]		2 |								| 9 14 6 12 9 10 16 
[10]		1 |								| 17 14 16 6 5 5 14 15 
[9]		0 |								| 11 6 2 7 14 5 
[8]		3 |^	12 12 13 13 	^| 16 14 11 17 6 15 14 
[7]		5 |								| 
[6]		2 |								| 
[5]		1 |								| 
[4]		4 |								| 
[3]		2 |								| 
[2]		1 |								| 
[1]		6 |								| 


******** STEP 66 ********
[18]		6 |								| 
[17]		3 |								| 
[16]		2 |								| 10 10 13 9 11 
[15]		1 |								| 4 1 16 11 10 12 9 5 13 
[14]		4 |								| 13 15 18 9 15 
[13]		2 |								| 7 12 7 
[12]		4 |								| 14 11 14 14 9 
[11]		2 |								| 9 14 6 12 9 10 16 
[10]		1 |								| 17 14 16 6 5 5 14 15 
[9]		0 |								| 11 6 2 7 14 5 
[8]		3 |^	12 12 13 13 17 	^| 16 14 11 6 15 14 
[7]		5 |								| 
[6]		2 |								| 
[5]		1 |								| 
[4]		4 |								| 
[3]		2 |								| 
[2]		1 |								| 
[1]		6 |								| 


******** STEP 67 ********
[18]		6 |								| 
[17]		3 |								| 
[16]		2 |								| 10 10 13 9 11 
[15]		1 |								| 4 1 16 11 10 12 9 5 13 
[14]		4 |								| 13 15 18 9 15 
[13]		2 |								| 7 12 7 
[12]		6 |^	13 13 17 	^| 14 11 14 14 9 
[11]		2 |								| 9 14 6 12 9 10 16 
[10]		1 |								| 17 14 16 6 5 5 14 15 
[9]		0 |								| 11 6 2 7 14 5 
[8]		3 |								| 16 14 11 6 15 14 
[7]		5 |								| 
[6]		2 |								| 
[5]		1 |								| 
[4]		4 |								| 
[3]		2 |								| 
[2]		1 |								| 
[1]		6 |								| 


******** STEP 68 ********
[18]		6 |								| 
[17]		3 |								| 
[16]		2 |								| 10 10 13 9 11 
[15]		1 |								| 4 1 16 11 10 12 9 5 13 
[14]		4 |								| 13 15 18 9 15 
[13]		2 |								| 7 12 7 
[12]		6 |^	13 13 17 14 14 	^| 11 14 9 
[11]		2 |								| 9 14 6 12 9 10 16 
[10]		1 |								| 17 14 16 6 5 5 14 15 
[9]		0 |								| 11 6 2 7 14 5 
[8]		3 |								| 16 14 11 6 15 14 
[7]		5 |								| 
[6]		2 |								| 
[5]		1 |								| 
[4]		4 |								| 
[3]		2 |								| 
[2]		1 |								| 
[1]		6 |								| 


******** STEP 69 ********
[18]		6 |								| 
[17]		3 |								| 
[16]		2 |								| 10 10 13 9 11 
[15]		1 |								| 4 1 16 11 10 12 9 5 13 
[14]		4 |								| 13 15 18 9 15 
[13]		4 |^	17 14 14 	^| 7 12 7 
[12]		6 |								| 11 14 9 
[11]		2 |								| 9 14 6 12 9 10 16 
[10]		1 |								| 17 14 16 6 5 5 14 15 
[9]		0 |								| 11 6 2 7 14 5 
[8]		3 |								| 16 14 11 6 15 14 
[7]		5 |								| 
[6]		2 |								| 
[5]		1 |								| 
[4]		4 |								| 
[3]		2 |								| 
[2]		1 |								| 
[1]		6 |								| 


******** STEP 70 ********
[18]		6 |								| 
[17]		3 |								| 
[16]		2 |								| 10 10 13 9 11 
[15]		1 |								| 4 1 16 11 10 12 9 5 13 
[14]		6 |^	17 	^| 13 15 18 9 15 
[13]		4 |								| 7 12 7 
[12]		6 |								| 11 14 9 
[11]		2 |								| 9 14 6 12 9 10 16 
[10]		1 |								| 17 14 16 6 5 5 14 15 
[9]		0 |								| 11 6 2 7 14 5 
[8]		3 |								| 16 14 11 6 15 14 
[7]		5 |								| 
[6]		2 |								| 
[5]		1 |								| 
[4]		4 |								| 
[3]		2 |								| 
[2]		1 |								| 
[1]		6 |								| 


******** STEP 71 ********
[18]		6 |								| 
[17]		3 |								| 
[16]		2 |								| 10 10 13 9 11 
[15]		1 |								| 4 1 16 11 10 12 9 5 13 
[14]		6 |^	17 18 15 15 	^| 13 9 
[13]		4 |								| 7 12 7 
[12]		6 |								| 11 14 9 
[11]		2 |								| 9 14 6 12 9 10 16 
[10]		1 |								| 17 14 16 6 5 5 14 15 
[9]		0 |								| 11 6 2 7 14 5 
[8]		3 |								| 16 14 11 6 15 14 
[7]		5 |								| 
[6]		2 |								| 
[5]		1 |								| 
[4]		4 |								| 
[3]		2 |								| 
[2]		1 |								| 
[1]		6 |								| 


******** STEP 72 ********
[18]		6 |								| 
[17]		3 |								| 
[16]		2 |								| 10 10 13 9 11 
[15]		3 |^	17 18 	^| 4 1 16 11 10 12 9 5 13 
[14]		6 |								| 13 9 
[13]		4 |								| 7 12 7 
[12]		6 |								| 11 14 9 
[11]		2 |								| 9 14 6 12 9 10 16 
[10]		1 |								| 17 14 16 6 5 5 14 15 
[9]		0 |								| 11 6 2 7 14 5 
[8]		3 |								| 16 14 11 6 15 14 
[7]		5 |								| 
[6]		2 |								| 
[5]		1 |								| 
[4]		4 |								| 
[3]		2 |								| 
[2]		1 |								| 
[1]		6 |								| 


******** STEP 73 ********
[18]		6 |								| 
[17]		3 |								| 
[16]		2 |								| 10 10 13 9 11 
[15]		3 |^	17 18 16 	^| 4 1 11 10 12 9 5 13 
[14]		6 |								| 13 9 
[13]		4 |								| 7 12 7 
[12]		6 |								| 11 14 9 
[11]		2 |								| 9 14 6 12 9 10 16 
[10]		1 |								| 17 14 16 6 5 5 14 15 
[9]		0 |								| 11 6 2 7 14 5 
[8]		3 |								| 16 14 11 6 15 14 
[7]		5 |								| 
[6]		2 |								| 
[5]		1 |								| 
[4]		4 |								| 
[3]		2 |								| 
[2]		1 |								| 
[1]		6 |								| 


******** STEP 74 ********
[18]		6 |								| 
[17]		3 |								| 
[16]		3 |^	17 18 	^| 10 10 13 9 11 
[15]		3 |								| 4 1 11 10 12 9 5 13 
[14]		6 |								| 13 9 
[13]		4 |								| 7 12 7 
[12]		6 |								| 11 14 9 
[11]		2 |								| 9 14 6 12 9 10 16 
[10]		1 |								| 17 14 16 6 5 5 14 15 
[9]		0 |								| 11 6 2 7 14 5 
[8]		3 |								| 16 14 11 6 15 14 
[7]		5 |								| 
[6]		2 |								| 
[5]		1 |								| 
[4]		4 |								| 
[3]		2 |								| 
[2]		1 |								| 
[1]		6 |								| 


******** STEP 75 ********
[18]		6 |								| 
[17]		4 |^	18 	^| 
[16]		3 |								| 10 10 13 9 11 
[15]		3 |								| 4 1 11 10 12 9 5 13 
[14]		6 |								| 13 9 
[13]		4 |								| 7 12 7 
[12]		6 |								| 11 14 9 
[11]		2 |								| 9 14 6 12 9 10 16 
[10]		1 |								| 17 14 16 6 5 5 14 15 
[9]		0 |								| 11 6 2 7 14 5 
[8]		3 |								| 16 14 11 6 15 14 
[7]		5 |								| 
[6]		2 |								| 
[5]		1 |								| 
[4]		4 |								| 
[3]		2 |								| 
[2]		1 |								| 
[1]		6 |								| 


******** STEP 76 ********
[18]		7 |^		^| 
[17]		4 |								| 
[16]		3 |								| 10 10 13 9 11 
[15]		3 |								| 4 1 11 10 12 9 5 13 
[14]		6 |								| 13 9 
[13]		4 |								| 7 12 7 
[12]		6 |								| 11 14 9 
[11]		2 |								| 9 14 6 12 9 10 16 
[10]		1 |								| 17 14 16 6 5 5 14 15 
[9]		0 |								| 11 6 2 7 14 5 
[8]		3 |								| 16 14 11 6 15 14 
[7]		5 |								| 
[6]		2 |								| 
[5]		1 |								| 
[4]		4 |								| 
[3]		2 |								| 
[2]		1 |								| 
[1]		6 |								| 


******** STEP 77 ********
[18]		7 |								| 
[17]		4 |								| 
[16]		3 |v	9 10 10 11 13 	v| 
[15]		3 |								| 4 1 11 10 12 9 5 13 
[14]		6 |								| 13 9 
[13]		4 |								| 7 12 7 
[12]		6 |								| 11 14 9 
[11]		2 |								| 9 14 6 12 9 10 16 
[10]		1 |								| 17 14 16 6 5 5 14 15 
[9]		0 |								| 11 6 2 7 14 5 
[8]		3 |								| 16 14 11 6 15 14 
[7]		5 |								| 
[6]		2 |								| 
[5]		1 |								| 
[4]		4 |								| 
[3]		2 |								| 
[2]		1 |								| 
[1]		6 |								| 


******** STEP 78 ********
[18]		7 |								| 
[17]		4 |								| 
[16]		3 |								| 
[15]		3 |								| 4 1 11 10 12 9 5 13 
[14]		6 |								| 13 9 
[13]		5 |v	9 10 10 11 	v| 7 12 7 
[12]		6 |								| 11 14 9 
[11]		2 |								| 9 14 6 12 9 10 16 
[10]		1 |								| 17 14 16 6 5 5 14 15 
[9]		0 |								| 11 6 2 7 14 5 
[8]		3 |								| 16 14 11 6 15 14 
[7]		5 |								| 
[6]		2 |								| 
[5]		1 |								| 
[4]		4 |								| 
[3]		2 |								| 
[2]		1 |								| 
[1]		6 |								| 


******** STEP 79 ********
[18]		7 |								| 
[17]		4 |								| 
[16]		3 |								| 
[15]		3 |								| 4 1 11 10 12 9 5 13 
[14]		6 |								| 13 9 
[13]		5 |v	9 10 10 11 7 	v| 12 7 
[12]		6 |								| 11 14 9 
[11]		2 |								| 9 14 6 12 9 10 16 
[10]		1 |								| 17 14 16 6 5 5 14 15 
[9]		0 |								| 11 6 2 7 14 5 
[8]		3 |								| 16 14 11 6 15 14 
[7]		5 |								| 
[6]		2 |								| 
[5]		1 |								| 
[4]		4 |								| 
[3]		2 |								| 
[2]		1 |								| 
[1]		6 |								| 


******** STEP 80 ********
[18]		7 |								| 
[17]		4 |								| 
[16]		3 |								| 
[15]		3 |								| 4 1 11 10 12 9 5 13 
[14]		6 |								| 13 9 
[13]		5 |								| 12 7 
[12]		6 |								| 11 14 9 
[11]		3 |v	9 10 10 7 	v| 9 14 6 12 9 10 16 
[10]		1 |								| 17 14 16 6 5 5 14 15 
[9]		0 |								| 11 6 2 7 14 5 
[8]		3 |								| 16 14 11 6 15 14 
[7]		5 |								| 
[6]		2 |								| 
[5]		1 |								| 
[4]		4 |								| 
[3]		2 |								| 
[2]		1 |								| 
[1]		6 |								| 


******** STEP 81 ********
[18]		7 |								| 
[17]		4 |								| 
[16]		3 |								| 
[15]		3 |								| 4 1 11 10 12 9 5 13 
[14]		6 |								| 13 9 
[13]		5 |								| 12 7 
[12]		6 |								| 11 14 9 
[11]		3 |v	9 10 10 7 6 	v| 9 14 12 9 10 16 
[10]		1 |								| 17 14 16 6 5 5 14 15 
[9]		0 |								| 11 6 2 7 14 5 
[8]		3 |								| 16 14 11 6 15 14 
[7]		5 |								| 
[6]		2 |								| 
[5]		1 |								| 
[4]		4 |								| 
[3]		2 |								| 
[2]		1 |								| 
[1]		6 |								| 


******** STEP 82 ********
[18]		7 |								| 
[17]		4 |								| 
[16]		3 |								| 
[15]		3 |								| 4 1 11 10 12 9 5 13 
[14]		6 |								| 13 9 
[13]		5 |								| 12 7 
[12]		6 |								| 11 14 9 
[11]		3 |								| 9 14 12 9 10 16 
[10]		3 |v	9 7 6 	v| 17 14 16 6 5 5 14 15 
[9]		0 |								| 11 6 2 7 14 5 
[8]		3 |								| 16 14 11 6 15 14 
[7]		5 |								| 
[6]		2 |								| 
[5]		1 |								| 
[4]		4 |								| 
[3]		2 |								| 
[2]		1 |								| 
[1]		6 |								| 


******** STEP 83 ********
[18]		7 |								| 
[17]		4 |								| 
[16]		3 |								| 
[15]		3 |								| 4 1 11 10 12 9 5 13 
[14]		6 |								| 13 9 
[13]		5 |								| 12 7 
[12]		6 |								| 11 14 9 
[11]		3 |								| 9 14 12 9 10 16 
[10]		3 |v	9 7 6 5 5 	v| 17 14 16 6 14 15 
[9]		0 |								| 11 6 2 7 14 5 
[8]		3 |								| 16 14 11 6 15 14 
[7]		5 |								| 
[6]		2 |								| 
[5]		1 |								| 
[4]		4 |								| 
[3]		2 |								| 
[2]		1 |								| 
[1]		6 |								| 


******** STEP 84 ********
[18]		7 |								| 
[17]		4 |								| 
[16]		3 |								| 
[15]		3 |								| 4 1 11 10 12 9 5 13 
[14]		6 |								| 13 9 
[13]		5 |								| 12 7 
[12]		6 |								| 11 14 9 
[11]		3 |								| 9 14 12 9 10 16 
[10]		3 |								| 17 14 16 6 14 15 
[9]		1 |v	7 6 5 5 	v| 11 6 2 7 14 5 
[8]		3 |								| 16 14 11 6 15 14 
[7]		5 |								| 
[6]		2 |								| 
[5]		1 |								| 
[4]		4 |								| 
[3]		2 |								| 
[2]		1 |								| 
[1]		6 |								| 


******** STEP 85 ********
[18]		7 |								| 
[17]		4 |								| 
[16]		3 |								| 
[15]		3 |								| 4 1 11 10 12 9 5 13 
[14]		6 |								| 13 9 
[13]		5 |								| 12 7 
[12]		6 |								| 11 14 9 
[11]		3 |								| 9 14 12 9 10 16 
[10]		3 |								| 17 14 16 6 14 15 
[9]		1 |v	7 6 5 5 2 	v| 11 6 7 14 5 
[8]		3 |								| 16 14 11 6 15 14 
[7]		5 |								| 
[6]		2 |								| 
[5]		1 |								| 
[4]		4 |								| 
[3]		2 |								| 
[2]		1 |								| 
[1]		6 |								| 


******** STEP 86 ********
[18]		7 |								| 
[17]		4 |								| 
[16]		3 |								| 
[15]		3 |								| 4 1 11 10 12 9 5 13 
[14]		6 |								| 13 9 
[13]		5 |								| 12 7 
[12]		6 |								| 11 14 9 
[11]		3 |								| 9 14 12 9 10 16 
[10]		3 |								| 17 14 16 6 14 15 
[9]		1 |								| 11 6 7 14 5 
[8]		3 |								| 16 14 11 6 15 14 
[7]		6 |v	6 5 5 2 	v| 
[6]		2 |								| 
[5]		1 |								| 
[4]		4 |								| 
[3]		2 |								| 
[2]		1 |								| 
[1]		6 |								| 


******** STEP 87 ********
[18]		7 |								| 
[17]		4 |								| 
[16]		3 |								| 
[15]		3 |								| 4 1 11 10 12 9 5 13 
[14]		6 |								| 13 9 
[13]		5 |								| 12 7 
[12]		6 |								| 11 14 9 
[11]		3 |								| 9 14 12 9 10 16 
[10]		3 |								| 17 14 16 6 14 15 
[9]		1 |								| 11 6 7 14 5 
[8]		3 |								| 16 14 11 6 15 14 
[7]		6 |								| 
[6]		3 |v	5 5 2 	v| 
[5]		1 |								| 
[4]		4 |								| 
[3]		2 |								| 
[2]		1 |								| 
[1]		6 |								| 


******** STEP 88 ********
[18]		7 |								| 
[17]		4 |								| 
[16]		3 |								| 
[15]		3 |								| 4 1 11 10 12 9 5 13 
[14]		6 |								| 13 9 
[13]		5 |								| 12 7 
[12]		6 |								| 11 14 9 
[11]		3 |								| 9 14 12 9 10 16 
[10]		3 |								| 17 14 16 6 14 15 
[9]		1 |								| 11 6 7 14 5 
[8]		3 |								| 16 14 11 6 15 14 
[7]		6 |								| 
[6]		3 |								| 
[5]		3 |v	2 	v| 
[4]		4 |								| 
[3]		2 |								| 
[2]		1 |								| 
[1]		6 |								| 


******** STEP 89 ********
[18]		7 |								| 
[17]		4 |								| 
[16]		3 |								| 
[15]		3 |								| 4 1 11 10 12 9 5 13 
[14]		6 |								| 13 9 
[13]		5 |								| 12 7 
[12]		6 |								| 11 14 9 
[11]		3 |								| 9 14 12 9 10 16 
[10]		3 |								| 17 14 16 6 14 15 
[9]		1 |								| 11 6 7 14 5 
[8]		3 |								| 16 14 11 6 15 14 
[7]		6 |								| 
[6]		3 |								| 
[5]		3 |								| 
[4]		4 |								| 
[3]		2 |								| 
[2]		2 |v		v| 
[1]		6 |								| 


******** STEP 90 ********
[18]		7 |								| 
[17]		4 |								| 
[16]		3 |								| 
[15]		3 |								| 4 1 11 10 12 9 5 13 
[14]		6 |								| 13 9 
[13]		5 |								| 12 7 
[12]		6 |								| 11 14 9 
[11]		3 |								| 9 14 12 9 10 16 
[10]		3 |								| 17 14 16 6 14 15 
[9]		1 |								| 11 6 7 14 5 
[8]		3 |^	16 15 14 14 11 	^| 6 
[7]		6 |								| 
[6]		3 |								| 
[5]		3 |								| 
[4]		4 |								| 
[3]		2 |								| 
[2]		2 |								| 
[1]		6 |								| 


******** STEP 91 ********
[18]		7 |								| 
[17]		4 |								| 
[16]		3 |								| 
[15]		3 |								| 4 1 11 10 12 9 5 13 
[14]		6 |								| 13 9 
[13]		5 |								| 12 7 
[12]		6 |								| 11 14 9 
[11]		4 |^	16 15 14 14 	^| 9 14 12 9 10 16 
[10]		3 |								| 17 14 16 6 14 15 
[9]		1 |								| 11 6 7 14 5 
[8]		3 |								| 6 
[7]		6 |								| 
[6]		3 |								| 
[5]		3 |								| 
[4]		4 |								| 
[3]		2 |								| 
[2]		2 |								| 
[1]		6 |								| 


******** STEP 92 ********
[18]		7 |								| 
[17]		4 |								| 
[16]		3 |								| 
[15]		3 |								| 4 1 11 10 12 9 5 13 
[14]		6 |								| 13 9 
[13]		5 |								| 12 7 
[12]		6 |								| 11 14 9 
[11]		4 |^	16 15 14 14 16 	^| 9 14 12 9 10 
[10]		3 |								| 17 14 16 6 14 15 
[9]		1 |								| 11 6 7 14 5 
[8]		3 |								| 6 
[7]		6 |								| 
[6]		3 |								| 
[5]		3 |								| 
[4]		4 |								| 
[3]		2 |								| 
[2]		2 |								| 
[1]		6 |								| 


******** STEP 93 ********
[18]		7 |								| 
[17]		4 |								| 
[16]		3 |								| 
[15]		3 |								| 4 1 11 10 12 9 5 13 
[14]		8 |^	16 15 16 	^| 13 9 
[13]		5 |								| 12 7 
[12]		6 |								| 11 14 9 
[11]		4 |								| 9 14 12 9 10 
[10]		3 |								| 17 14 16 6 14 15 
[9]		1 |								| 11 6 7 14 5 
[8]		3 |								| 6 
[7]		6 |								| 
[6]		3 |								| 
[5]		3 |								| 
[4]		4 |								| 
[3]		2 |								| 
[2]		2 |								| 
[1]		6 |								| 


******** STEP 94 ********
[18]		7 |								| 
[17]		4 |								| 
[16]		3 |								| 
[15]		4 |^	16 16 	^| 4 1 11 10 12 9 5 13 
[14]		8 |								| 13 9 
[13]		5 |								| 12 7 
[12]		6 |								| 11 14 9 
[11]		4 |								| 9 14 12 9 10 
[10]		3 |								| 17 14 16 6 14 15 
[9]		1 |								| 11 6 7 14 5 
[8]		3 |								| 6 
[7]		6 |								| 
[6]		3 |								| 
[5]		3 |								| 
[4]		4 |								| 
[3]		2 |								| 
[2]		2 |								| 
[1]		6 |								| 


******** STEP 95 ********
[18]		7 |								| 
[17]		4 |								| 
[16]		5 |^		^| 
[15]		4 |								| 4 1 11 10 12 9 5 13 
[14]		8 |								| 13 9 
[13]		5 |								| 12 7 
[12]		6 |								| 11 14 9 
[11]		4 |								| 9 14 12 9 10 
[10]		3 |								| 17 14 16 6 14 15 
[9]		1 |								| 11 6 7 14 5 
[8]		3 |								| 6 
[7]		6 |								| 
[6]		3 |								| 
[5]		3 |								| 
[4]		4 |								| 
[3]		2 |								| 
[2]		2 |								| 
[1]		6 |								| 


******** STEP 96 ********
[18]		7 |								| 
[17]		4 |								| 
[16]		5 |								| 
[15]		4 |v	1 4 5 9 10 	v| 11 12 13 
[14]		8 |								| 13 9 
[13]		5 |								| 12 7 
[12]		6 |								| 11 14 9 
[11]		4 |								| 9 14 12 9 10 
[10]		3 |								| 17 14 16 6 14 15 
[9]		1 |								| 11 6 7 14 5 
[8]		3 |								| 6 
[7]		6 |								| 
[6]		3 |								| 
[5]		3 |								| 
[4]		4 |								| 
[3]		2 |								| 
[2]		2 |								| 
[1]		6 |								| 


******** STEP 97 ********
[18]		7 |								| 
[17]		4 |								| 
[16]		5 |								| 
[15]		4 |								| 11 12 13 
[14]		8 |								| 13 9 
[13]		5 |								| 12 7 
[12]		6 |								| 11 14 9 
[11]		4 |								| 9 14 12 9 10 
[10]		4 |v	1 4 5 9 	v| 17 14 16 6 14 15 
[9]		1 |								| 11 6 7 14 5 
[8]		3 |								| 6 
[7]		6 |								| 
[6]		3 |								| 
[5]		3 |								| 
[4]		4 |								| 
[3]		2 |								| 
[2]		2 |								| 
[1]		6 |								| 


******** STEP 98 ********
[18]		7 |								| 
[17]		4 |								| 
[16]		5 |								| 
[15]		4 |								| 11 12 13 
[14]		8 |								| 13 9 
[13]		5 |								| 12 7 
[12]		6 |								| 11 14 9 
[11]		4 |								| 9 14 12 9 10 
[10]		4 |v	1 4 5 9 6 	v| 17 14 16 14 15 
[9]		1 |								| 11 6 7 14 5 
[8]		3 |								| 6 
[7]		6 |								| 
[6]		3 |								| 
[5]		3 |								| 
[4]		4 |								| 
[3]		2 |								| 
[2]		2 |								| 
[1]		6 |								| 


******** STEP 99 ********
[18]		7 |								| 
[17]		4 |								| 
[16]		5 |								| 
[15]		4 |								| 11 12 13 
[14]		8 |								| 13 9 
[13]		5 |								| 12 7 
[12]		6 |								| 11 14 9 
[11]		4 |								| 9 14 12 9 10 
[10]		4 |								| 17 14 16 14 15 
[9]		2 |v	1 4 5 6 	v| 11 6 7 14 5 
[8]		3 |								| 6 
[7]		6 |								| 
[6]		3 |								| 
[5]		3 |								| 
[4]		4 |								| 
[3]		2 |								| 
[2]		2 |								| 
[1]		6 |								| 


******** STEP 100 ********
[18]		7 |								| 
[17]		4 |								| 
[16]		5 |								| 
[15]		4 |								| 11 12 13 
[14]		8 |								| 13 9 
[13]		5 |								| 12 7 
[12]		6 |								| 11 14 9 
[11]		4 |								| 9 14 12 9 10 
[10]		4 |								| 17 14 16 14 15 
[9]		2 |v	1 4 5 6 5 	v| 11 6 7 14 
[8]		3 |								| 6 
[7]		6 |								| 
[6]		3 |								| 
[5]		3 |								| 
[4]		4 |								| 
[3]		2 |								| 
[2]		2 |								| 
[1]		6 |								| 


******** STEP 101 ********
[18]		7 |								| 
[17]		4 |								| 
[16]		5 |								| 
[15]		4 |								| 11 12 13 
[14]		8 |								| 13 9 
[13]		5 |								| 12 7 
[12]		6 |								| 11 14 9 
[11]		4 |								| 9 14 12 9 10 
[10]		4 |								| 17 14 16 14 15 
[9]		2 |								| 11 6 7 14 
[8]		3 |								| 6 
[7]		6 |								| 
[6]		4 |v	1 4 5 5 	v| 
[5]		3 |								| 
[4]		4 |								| 
[3]		2 |								| 
[2]		2 |								| 
[1]		6 |								| 


******** STEP 102 ********
[18]		7 |								| 
[17]		4 |								| 
[16]		5 |								| 
[15]		4 |								| 11 12 13 
[14]		8 |								| 13 9 
[13]		5 |								| 12 7 
[12]		6 |								| 11 14 9 
[11]		4 |								| 9 14 12 9 10 
[10]		4 |								| 17 14 16 14 15 
[9]		2 |								| 11 6 7 14 
[8]		3 |								| 6 
[7]		6 |								| 
[6]		4 |								| 
[5]		5 |v	1 4 	v| 
[4]		4 |								| 
[3]		2 |								| 
[2]		2 |								| 
[1]		6 |								| 


******** STEP 103 ********
[18]		7 |								| 
[17]		4 |								| 
[16]		5 |								| 
[15]		4 |								| 11 12 13 
[14]		8 |								| 13 9 
[13]		5 |								| 12 7 
[12]		6 |								| 11 14 9 
[11]		4 |								| 9 14 12 9 10 
[10]		4 |								| 17 14 16 14 15 
[9]		2 |								| 11 6 7 14 
[8]		3 |								| 6 
[7]		6 |								| 
[6]		4 |								| 
[5]		5 |								| 
[4]		5 |v	1 	v| 
[3]		2 |								| 
[2]		2 |								| 
[1]		6 |								| 


******** STEP 104 ********
[18]		7 |								| 
[17]		4 |								| 
[16]		5 |								| 
[15]		4 |								| 11 12 13 
[14]		8 |								| 13 9 
[13]		5 |								| 12 7 
[12]		6 |								| 11 14 9 
[11]		4 |								| 9 14 12 9 10 
[10]		4 |								| 17 14 16 14 15 
[9]		2 |								| 11 6 7 14 
[8]		3 |								| 6 
[7]		6 |								| 
[6]		4 |								| 
[5]		5 |								| 
[4]		5 |								| 
[3]		2 |								| 
[2]		2 |								| 
[1]		7 |v		v| 


******** STEP 105 ********
[18]		7 |								| 
[17]		4 |								| 
[16]		5 |								| 
[15]		4 |								| 11 12 13 
[14]		8 |								| 13 9 
[13]		5 |								| 12 7 
[12]		6 |								| 11 14 9 
[11]		4 |								| 9 14 12 9 10 
[10]		4 |								| 17 14 16 14 15 
[9]		2 |								| 11 6 7 14 
[8]		3 |^	6 	^| 
[7]		6 |								| 
[6]		4 |								| 
[5]		5 |								| 
[4]		5 |								| 
[3]		2 |								| 
[2]		2 |								| 
[1]		7 |								| 


******** STEP 106 ********
[18]		7 |								| 
[17]		4 |								| 
[16]		5 |								| 
[15]		4 |								| 11 12 13 
[14]		8 |								| 13 9 
[13]		5 |								| 12 7 
[12]		6 |								| 11 14 9 
[11]		4 |								| 9 14 12 9 10 
[10]		4 |								| 17 14 16 14 15 
[9]		2 |								| 11 6 7 14 
[8]		3 |								| 
[7]		6 |								| 
[6]		5 |v		v| 
[5]		5 |								| 
[4]		5 |								| 
[3]		2 |								| 
[2]		2 |								| 
[1]		7 |								| 


******** STEP 107 ********
[18]		7 |								| 
[17]		4 |								| 
[16]		5 |								| 
[15]		4 |								| 11 12 13 
[14]		8 |								| 13 9 
[13]		5 |								| 12 7 
[12]		6 |								| 11 14 9 
[11]		4 |								| 9 14 12 9 10 
[10]		4 |								| 17 14 16 14 15 
[9]		2 |^	6 7 	^| 11 14 
[8]		3 |								| 
[7]		6 |								| 
[6]		5 |								| 
[5]		5 |								| 
[4]		5 |								| 
[3]		2 |								| 
[2]		2 |								| 
[1]		7 |								| 


******** STEP 108 ********
[18]		7 |								| 
[17]		4 |								| 
[16]		5 |								| 
[15]		4 |								| 11 12 13 
[14]		8 |								| 13 9 
[13]		5 |								| 12 7 
[12]		6 |								| 11 14 9 
[11]		4 |								| 9 14 12 9 10 
[10]		4 |^	6 7 17 16 15 	^| 14 14 
[9]		2 |								| 11 14 
[8]		3 |								| 
[7]		6 |								| 
[6]		5 |								| 
[5]		5 |								| 
[4]		5 |								| 
[3]		2 |								| 
[2]		2 |								| 
[1]		7 |								| 


******** STEP 109 ********
[18]		7 |								| 
[17]		4 |								| 
[16]		5 |								| 
[15]		5 |^	6 7 17 16 	^| 11 12 13 
[14]		8 |								| 13 9 
[13]		5 |								| 12 7 
[12]		6 |								| 11 14 9 
[11]		4 |								| 9 14 12 9 10 
[10]		4 |								| 14 14 
[9]		2 |								| 11 14 
[8]		3 |								| 
[7]		6 |								| 
[6]		5 |								| 
[5]		5 |								| 
[4]		5 |								| 
[3]		2 |								| 
[2]		2 |								| 
[1]		7 |								| 


******** STEP 110 ********
[18]		7 |								| 
[17]		4 |								| 
[16]		5 |								| 
[15]		5 |								| 11 12 13 
[14]		8 |v	6 7 17 16 9 	v| 13 
[13]		5 |								| 12 7 
[12]		6 |								| 11 14 9 
[11]		4 |								| 9 14 12 9 10 
[10]		4 |								| 14 14 
[9]		2 |								| 11 14 
[8]		3 |								| 
[7]		6 |								| 
[6]		5 |								| 
[5]		5 |								| 
[4]		5 |								| 
[3]		2 |								| 
[2]		2 |								| 
[1]		7 |								| 


******** STEP 111 ********
[18]		7 |								| 
[17]		4 |								| 
[16]		5 |								| 
[15]		5 |								| 11 12 13 
[14]		8 |								| 13 
[13]		5 |								| 12 7 
[12]		6 |								| 11 14 9 
[11]		4 |								| 9 14 12 9 10 
[10]		4 |								| 14 14 
[9]		3 |v	6 7 17 16 	v| 11 14 
[8]		3 |								| 
[7]		6 |								| 
[6]		5 |								| 
[5]		5 |								| 
[4]		5 |								| 
[3]		2 |								| 
[2]		2 |								| 
[1]		7 |								| 


******** STEP 112 ********
[18]		7 |								| 
[17]		4 |								| 
[16]		5 |								| 
[15]		5 |								| 11 12 13 
[14]		8 |								| 13 
[13]		5 |								| 12 7 
[12]		6 |								| 11 14 9 
[11]		4 |								| 9 14 12 9 10 
[10]		4 |								| 14 14 
[9]		3 |								| 11 14 
[8]		3 |								| 
[7]		7 |v	6 17 16 	v| 
[6]		5 |								| 
[5]		5 |								| 
[4]		5 |								| 
[3]		2 |								| 
[2]		2 |								| 
[1]		7 |								| 


******** STEP 113 ********
[18]		7 |								| 
[17]		4 |								| 
[16]		5 |								| 
[15]		5 |								| 11 12 13 
[14]		8 |								| 13 
[13]		5 |								| 12 7 
[12]		6 |								| 11 14 9 
[11]		4 |								| 9 14 12 9 10 
[10]		4 |								| 14 14 
[9]		3 |								| 11 14 
[8]		3 |								| 
[7]		7 |								| 
[6]		6 |v	17 16 	v| 
[5]		5 |								| 
[4]		5 |								| 
[3]		2 |								| 
[2]		2 |								| 
[1]		7 |								| 


******** STEP 114 ********
[18]		7 |								| 
[17]		4 |								| 
[16]		5 |								| 
[15]		5 |								| 11 12 13 
[14]		8 |								| 13 
[13]		5 |								| 12 7 
[12]		6 |								| 11 14 9 
[11]		4 |								| 9 14 12 9 10 
[10]		4 |								| 14 14 
[9]		3 |^	17 16 14 11 	^| 
[8]		3 |								| 
[7]		7 |								| 
[6]		6 |								| 
[5]		5 |								| 
[4]		5 |								| 
[3]		2 |								| 
[2]		2 |								| 
[1]		7 |								| 


******** STEP 115 ********
[18]		7 |								| 
[17]		4 |								| 
[16]		5 |								| 
[15]		5 |								| 11 12 13 
[14]		8 |								| 13 
[13]		5 |								| 12 7 
[12]		6 |								| 11 14 9 
[11]		4 |								| 9 14 12 9 10 
[10]		4 |^	17 16 14 11 14 	^| 14 
[9]		3 |								| 
[8]		3 |								| 
[7]		7 |								| 
[6]		6 |								| 
[5]		5 |								| 
[4]		5 |								| 
[3]		2 |								| 
[2]		2 |								| 
[1]		7 |								| 


******** STEP 116 ********
[18]		7 |								| 
[17]		4 |								| 
[16]		5 |								| 
[15]		5 |								| 11 12 13 
[14]		8 |								| 13 
[13]		5 |								| 12 7 
[12]		6 |								| 11 14 9 
[11]		5 |^	17 16 14 14 	^| 9 14 12 9 10 
[10]		4 |								| 14 
[9]		3 |								| 
[8]		3 |								| 
[7]		7 |								| 
[6]		6 |								| 
[5]		5 |								| 
[4]		5 |								| 
[3]		2 |								| 
[2]		2 |								| 
[1]		7 |								| 


******** STEP 117 ********
[18]		7 |								| 
[17]		4 |								| 
[16]		5 |								| 
[15]		5 |								| 11 12 13 
[14]		8 |								| 13 
[13]		5 |								| 12 7 
[12]		6 |								| 11 14 9 
[11]		5 |^	17 16 14 14 14 	^| 9 12 9 10 
[10]		4 |								| 14 
[9]		3 |								| 
[8]		3 |								| 
[7]		7 |								| 
[6]		6 |								| 
[5]		5 |								| 
[4]		5 |								| 
[3]		2 |								| 
[2]		2 |								| 
[1]		7 |								| 


******** STEP 118 ********
[18]		7 |								| 
[17]		4 |								| 
[16]		5 |								| 
[15]		5 |								| 11 12 13 
[14]		11 |^	17 16 	^| 13 
[13]		5 |								| 12 7 
[12]		6 |								| 11 14 9 
[11]		5 |								| 9 12 9 10 
[10]		4 |								| 14 
[9]		3 |								| 
[8]		3 |								| 
[7]		7 |								| 
[6]		6 |								| 
[5]		5 |								| 
[4]		5 |								| 
[3]		2 |								| 
[2]		2 |								| 
[1]		7 |								| 


******** STEP 119 ********
[18]		7 |								| 
[17]		4 |								| 
[16]		6 |^	17 	^| 
[15]		5 |								| 11 12 13 
[14]		11 |								| 13 
[13]		5 |								| 12 7 
[12]		6 |								| 11 14 9 
[11]		5 |								| 9 12 9 10 
[10]		4 |								| 14 
[9]		3 |								| 
[8]		3 |								| 
[7]		7 |								| 
[6]		6 |								| 
[5]		5 |								| 
[4]		5 |								| 
[3]		2 |								| 
[2]		2 |								| 
[1]		7 |								| 


******** STEP 120 ********
[18]		7 |								| 
[17]		5 |^		^| 
[16]		6 |								| 
[15]		5 |								| 11 12 13 
[14]		11 |								| 13 
[13]		5 |								| 12 7 
[12]		6 |								| 11 14 9 
[11]		5 |								| 9 12 9 10 
[10]		4 |								| 14 
[9]		3 |								| 
[8]		3 |								| 
[7]		7 |								| 
[6]		6 |								| 
[5]		5 |								| 
[4]		5 |								| 
[3]		2 |								| 
[2]		2 |								| 
[1]		7 |								| 


******** STEP 121 ********
[18]		7 |								| 
[17]		5 |								| 
[16]		6 |								| 
[15]		5 |v	11 12 13 	v| 
[14]		11 |								| 13 
[13]		5 |								| 12 7 
[12]		6 |								| 11 14 9 
[11]		5 |								| 9 12 9 10 
[10]		4 |								| 14 
[9]		3 |								| 
[8]		3 |								| 
[7]		7 |								| 
[6]		6 |								| 
[5]		5 |								| 
[4]		5 |								| 
[3]		2 |								| 
[2]		2 |								| 
[1]		7 |								| 


******** STEP 122 ********
[18]		7 |								| 
[17]		5 |								| 
[16]		6 |								| 
[15]		5 |								| 
[14]		11 |v	11 12 13 13 	v| 
[13]		5 |								| 12 7 
[12]		6 |								| 11 14 9 
[11]		5 |								| 9 12 9 10 
[10]		4 |								| 14 
[9]		3 |								| 
[8]		3 |								| 
[7]		7 |								| 
[6]		6 |								| 
[5]		5 |								| 
[4]		5 |								| 
[3]		2 |								| 
[2]		2 |								| 
[1]		7 |								| 


******** STEP 123 ********
[18]		7 |								| 
[17]		5 |								| 
[16]		6 |								| 
[15]		5 |								| 
[14]		11 |								| 
[13]		7 |v	11 12 	v| 12 7 
[12]		6 |								| 11 14 9 
[11]		5 |								| 9 12 9 10 
[10]		4 |								| 14 
[9]		3 |								| 
[8]		3 |								| 
[7]		7 |								| 
[6]		6 |								| 
[5]		5 |								| 
[4]		5 |								| 
[3]		2 |								| 
[2]		2 |								| 
[1]		7 |								| 


******** STEP 124 ********
[18]		7 |								| 
[17]		5 |								| 
[16]		6 |								| 
[15]		5 |								| 
[14]		11 |								| 
[13]		7 |v	11 12 7 12 	v| 
[12]		6 |								| 11 14 9 
[11]		5 |								| 9 12 9 10 
[10]		4 |								| 14 
[9]		3 |								| 
[8]		3 |								| 
[7]		7 |								| 
[6]		6 |								| 
[5]		5 |								| 
[4]		5 |								| 
[3]		2 |								| 
[2]		2 |								| 
[1]		7 |								| 


******** STEP 125 ********
[18]		7 |								| 
[17]		5 |								| 
[16]		6 |								| 
[15]		5 |								| 
[14]		11 |								| 
[13]		7 |								| 
[12]		8 |v	11 7 	v| 11 14 9 
[11]		5 |								| 9 12 9 10 
[10]		4 |								| 14 
[9]		3 |								| 
[8]		3 |								| 
[7]		7 |								| 
[6]		6 |								| 
[5]		5 |								| 
[4]		5 |								| 
[3]		2 |								| 
[2]		2 |								| 
[1]		7 |								| 


******** STEP 126 ********
[18]		7 |								| 
[17]		5 |								| 
[16]		6 |								| 
[15]		5 |								| 
[14]		11 |								| 
[13]		7 |								| 
[12]		8 |v	11 7 9 11 	v| 14 
[11]		5 |								| 9 12 9 10 
[10]		4 |								| 14 
[9]		3 |								| 
[8]		3 |								| 
[7]		7 |								| 
[6]		6 |								| 
[5]		5 |								| 
[4]		5 |								| 
[3]		2 |								| 
[2]		2 |								| 
[1]		7 |								| 


******** STEP 127 ********
[18]		7 |								| 
[17]		5 |								| 
[16]		6 |								| 
[15]		5 |								| 
[14]		11 |								| 
[13]		7 |								| 
[12]		8 |								| 14 
[11]		7 |v	7 9 	v| 9 12 9 10 
[10]		4 |								| 14 
[9]		3 |								| 
[8]		3 |								| 
[7]		7 |								| 
[6]		6 |								| 
[5]		5 |								| 
[4]		5 |								| 
[3]		2 |								| 
[2]		2 |								| 
[1]		7 |								| 


******** STEP 128 ********
[18]		7 |								| 
[17]		5 |								| 
[16]		6 |								| 
[15]		5 |								| 
[14]		11 |								| 
[13]		7 |								| 
[12]		8 |								| 14 
[11]		7 |v	7 9 9 9 10 	v| 12 
[10]		4 |								| 14 
[9]		3 |								| 
[8]		3 |								| 
[7]		7 |								| 
[6]		6 |								| 
[5]		5 |								| 
[4]		5 |								| 
[3]		2 |								| 
[2]		2 |								| 
[1]		7 |								| 


******** STEP 129 ********
[18]		7 |								| 
[17]		5 |								| 
[16]		6 |								| 
[15]		5 |								| 
[14]		11 |								| 
[13]		7 |								| 
[12]		8 |								| 14 
[11]		7 |								| 12 
[10]		5 |v	7 9 9 9 	v| 14 
[9]		3 |								| 
[8]		3 |								| 
[7]		7 |								| 
[6]		6 |								| 
[5]		5 |								| 
[4]		5 |								| 
[3]		2 |								| 
[2]		2 |								| 
[1]		7 |								| 


******** STEP 130 ********
[18]		7 |								| 
[17]		5 |								| 
[16]		6 |								| 
[15]		5 |								| 
[14]		11 |								| 
[13]		7 |								| 
[12]		8 |								| 14 
[11]		7 |								| 12 
[10]		5 |								| 14 
[9]		6 |v	7 	v| 
[8]		3 |								| 
[7]		7 |								| 
[6]		6 |								| 
[5]		5 |								| 
[4]		5 |								| 
[3]		2 |								| 
[2]		2 |								| 
[1]		7 |								| 


******** STEP 131 ********
[18]		7 |								| 
[17]		5 |								| 
[16]		6 |								| 
[15]		5 |								| 
[14]		11 |								| 
[13]		7 |								| 
[12]		8 |								| 14 
[11]		7 |								| 12 
[10]		5 |								| 14 
[9]		6 |								| 
[8]		3 |								| 
[7]		8 |v		v| 
[6]		6 |								| 
[5]		5 |								| 
[4]		5 |								| 
[3]		2 |								| 
[2]		2 |								| 
[1]		7 |								| 


******** STEP 132 ********
[18]		7 |								| 
[17]		5 |								| 
[16]		6 |								| 
[15]		5 |								| 
[14]		11 |								| 
[13]		7 |								| 
[12]		8 |								| 14 
[11]		7 |								| 12 
[10]		5 |^	14 	^| 
[9]		6 |								| 
[8]		3 |								| 
[7]		8 |								| 
[6]		6 |								| 
[5]		5 |								| 
[4]		5 |								| 
[3]		2 |								| 
[2]		2 |								| 
[1]		7 |								| 


******** STEP 133 ********
[18]		7 |								| 
[17]		5 |								| 
[16]		6 |								| 
[15]		5 |								| 
[14]		11 |								| 
[13]		7 |								| 
[12]		8 |								| 14 
[11]		7 |^	14 12 	^| 
[10]		5 |								| 
[9]		6 |								| 
[8]		3 |								| 
[7]		8 |								| 
[6]		6 |								| 
[5]		5 |								| 
[4]		5 |								| 
[3]		2 |								| 
[2]		2 |								| 
[1]		7 |								| 


******** STEP 134 ********
[18]		7 |								| 
[17]		5 |								| 
[16]		6 |								| 
[15]		5 |								| 
[14]		11 |								| 
[13]		7 |								| 
[12]		9 |^	14 	^| 14 
[11]		7 |								| 
[10]		5 |								| 
[9]		6 |								| 
[8]		3 |								| 
[7]		8 |								| 
[6]		6 |								| 
[5]		5 |								| 
[4]		5 |								| 
[3]		2 |								| 
[2]		2 |								| 
[1]		7 |								| 


******** STEP 135 ********
[18]		7 |								| 
[17]		5 |								| 
[16]		6 |								| 
[15]		5 |								| 
[14]		11 |								| 
[13]		7 |								| 
[12]		9 |^	14 14 	^| 
[11]		7 |								| 
[10]		5 |								| 
[9]		6 |								| 
[8]		3 |								| 
[7]		8 |								| 
[6]		6 |								| 
[5]		5 |								| 
[4]		5 |								| 
[3]		2 |								| 
[2]		2 |								| 
[1]		7 |								| 


******** STEP 136 ********
[18]		7 |								| 
[17]		5 |								| 
[16]		6 |								| 
[15]		5 |								| 
[14]		13 |^		^| 
[13]		7 |								| 
[12]		9 |								| 
[11]		7 |								| 
[10]		5 |								| 
[9]		6 |								| 
[8]		3 |								| 
[7]		8 |								| 
[6]		6 |								| 
[5]		5 |								| 
[4]		5 |								| 
[3]		2 |								| 
[2]		2 |								| 
[1]		7 |								| 


